# For the net reaction C + CO + H2 -> C2H2 + O
65 56 3640
T [K]
300.0 350.0 400.0 450.0 500.0 550.0 600.0 650.0 700.0 750.0 800.0 850.0 900.0 950.0 1000.0 1050.0 1100.0 1150.0 1200.0 1250.0 1300.0 1350.0 1400.0 1450.0 1500.0 1550.0 1600.0 1650.0 1700.0 1750.0 1800.0 1850.0 1900.0 1950.0 2000.0 2050.0 2100.0 2150.0 2200.0 2250.0 2300.0 2350.0 2400.0 2450.0 2500.0 2550.0 2600.0 2650.0 2700.0 2750.0 2800.0 2850.0 2900.0 2950.0 3000.0 3050.0 3100.0 3150.0 3200.0 3250.0 3300.0 3350.0 3400.0 3450.0 3500.0
p [bar]
1e-08 1.585e-08 2.512e-08 3.981e-08 6.31e-08 1e-07 1.585e-07 2.512e-07 3.981e-07 6.31e-07 1e-06 1.585e-06 2.512e-06 3.981e-06 6.31e-06 1e-05 1.585e-05 2.512e-05 3.981e-05 6.31e-05 0.0001 0.0001585 0.0002512 0.0003981 0.000631 0.001 0.001585 0.002512 0.003981 0.00631 0.01 0.01585 0.02512 0.03981 0.0631 0.1 0.1585 0.2512 0.3981 0.631 1.0 1.585 2.512 3.981 6.31 10.0 15.85 25.12 39.81 63.1 100.0 158.5 251.2 398.1 631.0 1000.0
kf [cm6 s-1]
1.29e+26
2.007e+26
3.139e+26
4.946e+26
7.855e+26
1.26e+27
2.042e+27
3.189e+27
4.985e+27
7.845e+27
1.245e+28
1.993e+28
3.226e+28
5.066e+28
7.91e+28
1.244e+29
1.971e+29
3.153e+29
5.096e+29
8.043e+29
1.255e+30
1.971e+30
3.122e+30
4.988e+30
8.054e+30
1.277e+31
1.992e+31
3.127e+31
4.946e+31
7.894e+31
1.273e+32
2.029e+32
3.162e+32
4.959e+32
7.837e+32
1.249e+33
2.013e+33
3.223e+33
5.018e+33
7.866e+33
1.242e+34
1.978e+34
3.182e+34
5.119e+34
7.967e+34
1.248e+35
1.969e+35
3.132e+35
5.033e+35
8.133e+35
1.265e+36
1.98e+36
3.12e+36
4.96e+36
7.96e+36
1.292e+37
4265000000000.0
6943000000000.0
11190000000000.0
17970000000000.0
28900000000000.0
46720000000000.0
76110000000000.0
119300000000000.0
186800000000000.0
294300000000000.0
467400000000000.0
748600000000000.0
1212000000000000.0
1904000000000000.0
2974000000000000.0
4676000000000000.0
7411000000000000.0
1.186e+16
1.917e+16
3.025e+16
4.72e+16
7.415e+16
1.174e+17
1.876e+17
3.029e+17
4.803e+17
7.489e+17
1.176e+18
1.86e+18
2.968e+18
4.785e+18
7.629e+18
1.189e+19
1.865e+19
2.947e+19
4.698e+19
7.568e+19
1.212e+20
1.887e+20
2.958e+20
4.67e+20
7.439e+20
1.197e+21
1.925e+21
2.996e+21
4.692e+21
7.402e+21
1.178e+22
1.892e+22
3.058e+22
4.756e+22
7.444e+22
1.173e+23
1.865e+23
2.993e+23
4.858e+23
1441000.0
4427000.0
13750000.0
43120000.0
136600000.0
437500000.0
906100000.0
1524000000.0
2502000000.0
4068000000.0
6593000000.0
10700000000.0
17470000000.0
27580000000.0
43230000000.0
68120000000.0
108100000000.0
173100000000.0
279900000000.0
442000000000.0
689900000000.0
1084000000000.0
1716000000000.0
2743000000000.0
4428000000000.0
7023000000000.0
10950000000000.0
17190000000000.0
27190000000000.0
43400000000000.0
69960000000000.0
111500000000000.0
173800000000000.0
272600000000000.0
430800000000000.0
686800000000000.0
1106000000000000.0
1771000000000000.0
2758000000000000.0
4324000000000000.0
6827000000000000.0
1.087e+16
1.749e+16
2.814e+16
4.379e+16
6.859e+16
1.082e+17
1.722e+17
2.767e+17
4.471e+17
6.953e+17
1.088e+18
1.715e+18
2.726e+18
4.376e+18
7.103e+18
0.08162
0.1315
0.2302
0.3323
0.2989
0.2616
0.2214
0.5306
1.608
4.988
15.72
50.16
162.3
351.0
571.7
924.1
1491.0
2412.0
3928.0
6227.0
9747.0
15340.0
24320.0
38880.0
62810.0
99640.0
155400.0
244000.0
386000.0
648800.0
1163000.0
1973000.0
3123000.0
4715000.0
6824000.0
9749000.0
15700000.0
25140000.0
39150000.0
61370000.0
96900000.0
154400000.0
248300000.0
399400000.0
621600000.0
973500000.0
1536000000.0
2443000000.0
3927000000.0
6345000000.0
9869000000.0
15450000000.0
24340000000.0
38700000000.0
62110000000.0
100800000000.0
2.901e-06
8.23e-06
2.084e-05
3.958e-05
7.686e-05
0.0001451
0.0002228
0.0001985
0.0001788
0.0001585
0.0001559
0.0004521
0.001399
0.004303
0.01329
0.04155
0.1312
0.4191
1.354
3.821
6.098
9.718
15.53
24.96
40.46
64.31
100.4
157.8
249.8
398.8
643.1
1025.0
1598.0
2506.0
3961.0
6314.0
10170.0
16290.0
25360.0
39750.0
62760.0
99970.0
160800.0
258700.0
402600.0
630500.0
994800.0
1583000.0
2543000.0
4110000.0
6392000.0
10000000.0
15770000.0
25060000.0
40220000.0
65300000.0
1.321e-12
5.338e-12
2.142e-11
8.545e-11
3.388e-10
1.335e-09
3.694e-09
8.462e-09
1.655e-08
3.044e-08
2.448e-08
2.004e-08
1.691e-08
1.474e-08
1.3e-08
1.962e-08
5.064e-08
1.455e-07
4.481e-07
1.384e-06
4.271e-06
1.333e-05
4.207e-05
0.0001342
0.0003155
0.0005068
0.0007967
0.001471
0.00284
0.005437
0.01025
0.01855
0.03162
0.05161
0.08044
0.12
0.1726
0.2383
0.3129
0.4053
0.5212
0.8023
1.291
2.076
3.231
5.06
7.984
12.7
20.41
32.98
51.3
80.29
126.5
201.1
322.8
524.0
3.874e-16
9.878e-16
2.502e-15
9.037e-15
3.586e-14
1.416e-13
5.567e-13
2.243e-12
9.007e-12
1.3e-11
2.1e-11
4.15e-11
8.136e-11
1.372e-10
1.127e-10
9.543e-11
8.36e-11
7.988e-11
1.786e-10
4.556e-10
1.271e-09
3.777e-09
1.166e-08
3.682e-08
1.184e-07
3.74e-07
1.161e-06
3.632e-06
9.852e-06
1.611e-05
3.095e-05
5.746e-05
0.0001012
0.0001715
0.0002783
0.0004316
0.0006423
0.000911
0.001221
0.001604
0.002532
0.004034
0.006489
0.01044
0.01624
0.02544
0.04014
0.06386
0.1026
0.1658
0.2579
0.4037
0.6362
1.011
1.623
2.635
4.713e-20
1.202e-19
3.044e-19
7.662e-19
1.919e-18
5.543e-18
2.179e-17
8.782e-17
3.527e-16
1.408e-15
5.589e-15
2.208e-14
4.358e-14
6.241e-14
1.252e-13
2.483e-13
2.509e-13
2.007e-13
1.622e-13
1.338e-13
1.621e-13
2.88e-13
5.931e-13
1.423e-12
3.905e-12
1.148e-11
3.457e-11
1.067e-10
3.349e-10
1.065e-09
3.429e-09
1.091e-08
3.385e-08
1.058e-07
1.883e-07
3.041e-07
4.7e-07
6.884e-07
9.459e-07
1.266e-06
1.665e-06
2.171e-06
2.822e-06
3.642e-06
4.713e-06
7.381e-06
1.165e-05
1.853e-05
2.977e-05
4.811e-05
7.482e-05
0.0001171
0.0001846
0.0002934
0.0004709
0.0007644
1.273e-22
3.245e-22
8.219e-22
2.069e-21
5.181e-21
1.291e-20
3.202e-20
8.549e-20
3.434e-19
1.371e-18
5.442e-18
2.15e-17
8.457e-17
3.396e-16
1.365e-15
2.658e-15
2.658e-15
2.655e-15
5.41e-15
4.398e-15
3.558e-15
3.103e-15
4.365e-15
7.39e-15
1.457e-14
3.35e-14
8.688e-14
2.469e-13
7.444e-13
2.326e-12
7.432e-12
2.358e-11
7.309e-11
2.284e-10
7.199e-10
2.291e-09
6.762e-09
1.027e-08
1.455e-08
1.992e-08
2.665e-08
3.515e-08
4.605e-08
5.974e-08
8.2e-08
1.284e-07
2.026e-07
3.224e-07
5.181e-07
8.372e-07
1.302e-06
2.038e-06
3.212e-06
5.106e-06
8.194e-06
1.33e-05
1.728e-25
4.406e-25
1.116e-24
2.809e-24
7.034e-24
1.752e-23
4.348e-23
1.105e-22
2.801e-22
7.369e-22
2.926e-21
1.156e-20
4.546e-20
1.826e-19
7.339e-19
2.931e-18
1.164e-17
4.595e-17
7.134e-17
7.164e-17
7.224e-17
7.288e-17
7.398e-17
7.651e-17
8.261e-17
9.752e-17
1.343e-16
2.519e-16
5.478e-16
1.376e-15
3.895e-15
1.17e-14
3.547e-14
1.098e-13
3.447e-13
1.095e-12
3.524e-12
1.127e-11
3.493e-11
1.023e-10
1.397e-10
1.87e-10
2.476e-10
3.234e-10
4.076e-10
5.134e-10
6.48e-10
8.579e-10
1.379e-09
2.228e-09
3.465e-09
5.424e-09
8.548e-09
1.359e-08
2.181e-08
3.54e-08
1.7e-27
4.335e-27
1.098e-26
2.764e-26
6.921e-26
1.724e-25
4.278e-25
1.088e-24
2.756e-24
6.943e-24
1.739e-23
4.87e-23
1.915e-22
7.694e-22
3.092e-21
1.235e-20
4.905e-20
1.938e-19
7.618e-19
3.046e-18
7.912e-18
7.939e-18
7.951e-18
7.969e-18
8.035e-18
8.33e-18
9.06e-18
1.064e-17
1.405e-17
2.147e-17
4.352e-17
1.122e-16
3.144e-16
9.354e-16
2.884e-15
9.096e-15
2.931e-14
1.017e-13
3.316e-13
1.062e-12
3.37e-12
7.364e-12
9.879e-12
1.302e-11
1.651e-11
2.088e-11
2.642e-11
3.396e-11
5.458e-11
8.82e-11
1.372e-10
2.147e-10
3.384e-10
5.379e-10
8.633e-10
1.401e-09
1.114e-29
2.84e-29
7.192e-29
1.811e-28
4.534e-28
1.129e-27
2.802e-27
7.124e-27
1.805e-26
4.548e-26
1.139e-25
2.841e-25
7.05e-25
2.306e-24
9.268e-24
3.702e-23
1.47e-22
5.81e-22
2.285e-21
9.14e-21
3.67e-20
1.463e-19
5.235e-19
5.219e-19
5.196e-19
5.226e-19
5.313e-19
5.463e-19
5.787e-19
6.519e-19
8.15e-19
1.176e-18
1.968e-18
3.783e-18
1.034e-17
3.522e-17
1.241e-16
4.315e-16
1.424e-15
4.616e-15
1.479e-14
4.716e-14
1.502e-13
2.441e-13
3.119e-13
3.964e-13
5.033e-13
6.406e-13
8.197e-13
1.052e-12
1.561e-12
2.443e-12
3.85e-12
6.12e-12
9.823e-12
1.595e-11
1.008e-30
1.016e-30
1.756e-30
4.42e-30
1.107e-29
2.757e-29
6.841e-29
1.739e-28
4.408e-28
1.11e-27
2.781e-27
6.935e-27
1.721e-26
4.362e-26
1.106e-25
4.377e-25
1.739e-24
6.871e-24
2.703e-23
1.082e-22
4.345e-22
1.734e-21
6.87e-21
2.704e-20
8.692e-20
8.712e-20
8.786e-20
8.86e-20
8.98e-20
9.254e-20
9.922e-20
1.157e-19
1.527e-19
2.32e-19
4.113e-19
1.227e-18
4.022e-18
1.364e-17
4.503e-17
1.473e-16
4.761e-16
1.529e-15
4.899e-15
1.545e-14
2.336e-14
2.989e-14
3.812e-14
4.866e-14
6.238e-14
8.014e-14
1.108e-13
1.734e-13
2.733e-13
4.345e-13
6.974e-13
1.132e-12
3.944e-31
3.977e-31
3.995e-31
4e-31
3.993e-31
5.31e-31
1.317e-30
3.349e-30
8.488e-30
2.138e-29
5.356e-29
1.335e-28
3.314e-28
8.4e-28
2.131e-27
5.37e-27
1.704e-26
6.735e-26
2.65e-25
1.06e-24
4.262e-24
1.702e-23
6.748e-23
2.66e-22
1.041e-21
4.12e-21
1.06e-20
1.064e-20
1.066e-20
1.069e-20
1.08e-20
1.12e-20
1.224e-20
1.446e-20
1.923e-20
2.959e-20
7.352e-20
2.135e-19
6.556e-19
2.084e-18
6.699e-18
2.156e-17
6.936e-17
2.201e-16
6.604e-16
1.336e-15
1.713e-15
2.194e-15
2.82e-15
3.628e-15
4.514e-15
5.639e-15
8.413e-15
1.337e-14
2.146e-14
3.484e-14
2.537e-31
2.558e-31
2.57e-31
2.573e-31
2.568e-31
2.557e-31
2.539e-31
2.556e-31
4.04e-31
1.018e-30
2.55e-30
6.357e-30
1.578e-29
3.999e-29
1.014e-28
2.557e-28
6.409e-28
1.704e-27
6.703e-27
2.683e-26
1.079e-25
4.308e-25
1.71e-24
6.744e-24
2.645e-23
1.049e-22
4.18e-22
1.645e-21
2.436e-21
2.432e-21
2.429e-21
2.455e-21
2.538e-21
2.707e-21
3.081e-21
3.903e-21
6.09e-21
1.497e-20
4.108e-20
1.223e-19
3.822e-19
1.221e-18
3.929e-18
1.252e-17
3.786e-17
1.129e-16
2.028e-16
2.61e-16
3.365e-16
4.338e-16
5.404e-16
6.755e-16
9.251e-16
1.471e-15
2.36e-15
3.832e-15
1.222e-31
1.232e-31
1.237e-31
1.239e-31
1.237e-31
1.231e-31
1.223e-31
1.231e-31
1.237e-31
1.239e-31
1.237e-31
2.641e-31
6.555e-31
1.661e-30
4.214e-30
1.062e-29
2.663e-29
6.641e-29
1.649e-28
6.155e-28
2.475e-27
9.886e-27
3.925e-26
1.549e-25
6.082e-25
2.417e-24
9.655e-24
3.816e-23
1.49e-22
4.503e-22
4.482e-22
4.493e-22
4.554e-22
4.647e-22
4.838e-22
5.274e-22
6.262e-22
9.067e-22
2.006e-21
4.992e-21
1.38e-20
4.127e-20
1.292e-19
4.088e-19
1.239e-18
3.721e-18
1.103e-17
2.169e-17
2.807e-17
3.628e-17
4.527e-17
5.665e-17
7.118e-17
9.173e-17
1.472e-16
2.39e-16
8.325e-32
8.393e-32
8.432e-32
8.443e-32
8.429e-32
8.39e-32
8.332e-32
8.388e-32
8.429e-32
8.443e-32
8.431e-32
8.396e-32
8.34e-32
1.312e-31
3.329e-31
8.391e-31
2.104e-30
5.246e-30
1.303e-29
3.292e-29
1.116e-28
4.461e-28
1.772e-27
6.997e-27
2.749e-26
1.094e-25
4.377e-25
1.735e-24
6.806e-24
2.635e-23
1.003e-22
1.304e-22
1.316e-22
1.328e-22
1.348e-22
1.392e-22
1.499e-22
1.758e-22
2.74e-22
5.898e-22
1.436e-21
3.915e-21
1.164e-20
3.608e-20
1.09e-19
3.287e-19
9.82e-19
2.896e-18
4.698e-18
6.092e-18
7.618e-18
9.545e-18
1.2e-17
1.518e-17
2.274e-17
3.692e-17
4.649e-32
4.688e-32
4.709e-32
4.716e-32
4.707e-32
4.686e-32
4.654e-32
4.685e-32
4.708e-32
4.715e-32
4.709e-32
4.689e-32
4.658e-32
4.681e-32
4.706e-32
6.143e-32
1.54e-31
3.841e-31
9.539e-31
2.41e-30
6.118e-30
1.923e-29
7.639e-29
3.018e-28
1.186e-27
4.724e-27
1.893e-26
7.522e-26
2.96e-25
1.152e-24
4.422e-24
1.69e-23
3.327e-23
3.344e-23
3.36e-23
3.39e-23
3.468e-23
3.695e-23
4.259e-23
6.565e-23
1.33e-22
3.056e-22
7.964e-22
2.283e-21
6.69e-21
1.997e-20
5.973e-20
1.774e-19
5.216e-19
7.988e-19
1.001e-18
1.257e-18
1.582e-18
2.002e-18
2.552e-18
3.86e-18
3.331e-32
3.359e-32
3.375e-32
3.379e-32
3.373e-32
3.358e-32
3.335e-32
3.357e-32
3.373e-32
3.379e-32
3.374e-32
3.36e-32
3.337e-32
3.354e-32
3.372e-32
3.379e-32
3.375e-32
4.497e-32
1.117e-31
2.822e-31
7.161e-31
1.807e-30
5.411e-30
2.138e-29
8.408e-29
3.35e-28
1.344e-27
5.349e-27
2.11e-26
8.244e-26
3.183e-25
1.228e-24
4.717e-24
1.172e-23
1.175e-23
1.177e-23
1.184e-23
1.217e-23
1.309e-23
1.507e-23
2.517e-23
5.087e-23
1.175e-22
3.074e-22
8.593e-22
2.512e-21
7.476e-21
2.228e-20
6.603e-20
1.745e-19
2.195e-19
2.76e-19
3.48e-19
4.407e-19
5.619e-19
7.813e-19
2.076e-32
2.093e-32
2.102e-32
2.105e-32
2.102e-32
2.092e-32
2.077e-32
2.091e-32
2.102e-32
2.105e-32
2.102e-32
2.093e-32
2.079e-32
2.089e-32
2.101e-32
2.105e-32
2.103e-32
2.095e-32
2.081e-32
3.173e-32
8.054e-32
2.032e-31
5.096e-31
1.491e-30
5.867e-30
2.339e-29
9.391e-29
3.741e-28
1.479e-27
5.794e-27
2.247e-26
8.726e-26
3.386e-25
1.281e-24
3.755e-24
3.751e-24
3.747e-24
3.783e-24
3.916e-24
4.188e-24
4.785e-24
8.239e-24
1.626e-23
3.672e-23
9.249e-23
2.535e-22
7.322e-22
2.162e-21
6.42e-21
1.888e-20
4.049e-20
5.105e-20
6.445e-20
8.172e-20
1.043e-19
1.341e-19
1.553e-32
1.566e-32
1.573e-32
1.575e-32
1.572e-32
1.565e-32
1.554e-32
1.564e-32
1.572e-32
1.575e-32
1.572e-32
1.566e-32
1.555e-32
1.563e-32
1.572e-32
1.575e-32
1.573e-32
1.567e-32
1.557e-32
1.562e-32
1.571e-32
3.247e-32
8.144e-32
2.032e-31
5.947e-31
2.371e-30
9.528e-30
3.799e-29
1.504e-28
5.905e-28
2.298e-27
8.97e-27
3.509e-26
1.342e-25
4.992e-25
1.528e-24
1.523e-24
1.528e-24
1.559e-24
1.615e-24
1.736e-24
2.146e-24
3.808e-24
7.68e-24
1.76e-23
4.491e-23
1.243e-22
3.606e-22
1.067e-21
3.153e-21
8.781e-21
1.384e-20
1.75e-20
2.222e-20
2.838e-20
3.653e-20
1.051e-32
1.06e-32
1.065e-32
1.066e-32
1.064e-32
1.059e-32
1.052e-32
1.059e-32
1.064e-32
1.066e-32
1.064e-32
1.06e-32
1.052e-32
1.058e-32
1.063e-32
1.065e-32
1.064e-32
1.06e-32
1.053e-32
1.057e-32
1.063e-32
1.065e-32
1.277e-32
3.188e-32
7.921e-32
2.409e-31
9.682e-31
3.864e-30
1.531e-29
6.021e-29
2.349e-28
9.208e-28
3.624e-27
1.399e-26
5.27e-26
1.924e-25
5.824e-25
5.827e-25
5.903e-25
6.01e-25
6.226e-25
6.717e-25
8.904e-25
1.586e-24
3.212e-24
7.323e-24
1.862e-23
5.145e-23
1.492e-22
4.389e-22
1.228e-21
3.321e-21
4.212e-21
5.356e-21
6.846e-21
8.818e-21
8.154e-33
8.224e-33
8.263e-33
8.273e-33
8.258e-33
8.219e-33
8.161e-33
8.216e-33
8.257e-33
8.27e-33
8.258e-33
8.224e-33
8.168e-33
8.209e-33
8.253e-33
8.27e-33
8.261e-33
8.229e-33
8.176e-33
8.202e-33
8.249e-33
8.269e-33
8.263e-33
8.233e-33
1.626e-32
4.096e-32
1.311e-31
5.235e-31
2.076e-30
8.176e-30
3.197e-29
1.257e-28
4.969e-28
1.932e-27
7.356e-27
2.545e-26
7.77e-26
2.445e-25
2.705e-25
2.735e-25
2.787e-25
2.904e-25
3.181e-25
4.738e-25
8.772e-25
1.826e-24
4.29e-24
1.12e-23
3.154e-23
9.194e-23
2.577e-22
7.187e-22
1.356e-21
1.728e-21
2.211e-21
2.85e-21
5.887e-33
5.938e-33
5.965e-33
5.971e-33
5.959e-33
5.93e-33
5.887e-33
5.927e-33
5.956e-33
5.966e-33
5.957e-33
5.932e-33
5.891e-33
5.92e-33
5.952e-33
5.964e-33
5.958e-33
5.934e-33
5.896e-33
5.915e-33
5.949e-33
5.964e-33
5.959e-33
5.938e-33
5.901e-33
9.099e-33
2.123e-32
7.173e-32
2.847e-31
1.122e-30
4.395e-30
1.732e-29
6.874e-29
2.688e-28
1.032e-27
3.513e-27
1.073e-26
3.376e-26
1.119e-25
1.199e-25
1.211e-25
1.236e-25
1.297e-25
1.449e-25
2.401e-25
4.504e-25
9.533e-25
2.279e-24
6.046e-24
1.713e-23
4.768e-23
1.332e-22
3.707e-22
5.114e-22
6.554e-22
8.457e-22
4.71e-33
4.754e-33
4.778e-33
4.783e-33
4.773e-33
4.749e-33
4.714e-33
4.747e-33
4.771e-33
4.778e-33
4.771e-33
4.751e-33
4.718e-33
4.742e-33
4.768e-33
4.777e-33
4.772e-33
4.753e-33
4.723e-33
4.738e-33
4.765e-33
4.777e-33
4.773e-33
4.756e-33
4.726e-33
4.734e-33
6.95e-33
1.381e-32
4.888e-32
1.929e-31
7.562e-31
2.986e-30
1.189e-29
4.669e-29
1.805e-28
5.796e-28
1.77e-27
5.572e-27
1.847e-26
5.939e-26
6.117e-26
6.18e-26
6.341e-26
6.782e-26
8.571e-26
1.492e-25
2.912e-25
6.446e-25
1.61e-24
4.402e-24
1.212e-23
3.382e-23
9.447e-23
1.897e-22
2.436e-22
3.146e-22
3.582e-33
3.617e-33
3.634e-33
3.636e-33
3.626e-33
3.606e-33
3.577e-33
3.602e-33
3.62e-33
3.626e-33
3.619e-33
3.604e-33
3.578e-33
3.596e-33
3.616e-33
3.623e-33
3.619e-33
3.605e-33
3.581e-33
3.593e-33
3.614e-33
3.622e-33
3.619e-33
3.606e-33
3.584e-33
3.59e-33
3.612e-33
5.1e-33
1.001e-32
3.368e-32
1.322e-31
5.228e-31
2.086e-30
8.224e-30
3.196e-29
1.044e-28
3.188e-28
1.004e-27
3.329e-27
1.071e-26
3.008e-26
3.021e-26
3.059e-26
3.176e-26
3.507e-26
4.975e-26
8.9e-26
1.797e-25
4.128e-25
1.063e-24
2.848e-24
7.866e-24
2.196e-23
6.142e-23
8.51e-23
1.101e-22
2.938e-33
2.973e-33
2.99e-33
2.992e-33
2.983e-33
2.966e-33
2.941e-33
2.963e-33
2.979e-33
2.983e-33
2.978e-33
2.965e-33
2.944e-33
2.959e-33
2.975e-33
2.981e-33
2.978e-33
2.966e-33
2.946e-33
2.956e-33
2.973e-33
2.98e-33
2.978e-33
2.967e-33
2.949e-33
2.953e-33
2.972e-33
2.98e-33
4.243e-33
8.206e-33
2.765e-32
1.095e-31
4.377e-31
1.73e-30
6.755e-30
2.171e-29
6.631e-29
2.088e-28
6.925e-28
2.228e-27
7.017e-27
1.66e-26
1.669e-26
1.706e-26
1.823e-26
2.074e-26
3.399e-26
6.39e-26
1.367e-25
3.32e-25
8.625e-25
2.349e-24
6.538e-24
1.833e-23
3.552e-23
4.601e-23
2.326e-33
2.36e-33
2.374e-33
2.374e-33
2.365e-33
2.348e-33
2.326e-33
2.343e-33
2.355e-33
2.358e-33
2.353e-33
2.342e-33
2.325e-33
2.337e-33
2.349e-33
2.354e-33
2.351e-33
2.341e-33
2.326e-33
2.334e-33
2.347e-33
2.353e-33
2.351e-33
2.342e-33
2.328e-33
2.331e-33
2.346e-33
2.352e-33
2.351e-33
3.421e-33
6.507e-33
2.335e-32
9.348e-32
3.705e-31
1.452e-30
4.861e-30
1.485e-29
4.676e-29
1.551e-28
4.992e-28
1.573e-27
4.864e-27
8.959e-27
9.065e-27
9.475e-27
1.033e-26
1.308e-26
2.285e-26
4.509e-26
1.016e-25
2.511e-25
6.65e-25
1.83e-24
5.122e-24
1.418e-23
1.839e-23
1.953e-33
1.98e-33
1.995e-33
1.997e-33
1.989e-33
1.975e-33
1.955e-33
1.972e-33
1.983e-33
1.986e-33
1.981e-33
1.972e-33
1.957e-33
1.967e-33
1.978e-33
1.982e-33
1.979e-33
1.971e-33
1.958e-33
1.965e-33
1.976e-33
1.981e-33
1.979e-33
1.972e-33
1.96e-33
1.963e-33
1.975e-33
1.98e-33
1.98e-33
1.973e-33
3.032e-33
5.761e-33
2.307e-32
9.163e-32
3.6e-31
1.224e-30
3.739e-30
1.177e-29
3.906e-29
1.258e-28
3.963e-28
1.227e-27
3.746e-27
5.308e-27
5.478e-27
5.815e-27
6.554e-27
9.714e-27
1.799e-26
3.804e-26
8.975e-26
2.305e-25
6.253e-25
1.744e-24
4.92e-24
8.474e-24
1.537e-33
1.572e-33
1.604e-33
1.622e-33
1.625e-33
1.615e-33
1.598e-33
1.614e-33
1.623e-33
1.624e-33
1.619e-33
1.61e-33
1.597e-33
1.606e-33
1.615e-33
1.618e-33
1.615e-33
1.608e-33
1.597e-33
1.603e-33
1.612e-33
1.616e-33
1.614e-33
1.608e-33
1.598e-33
1.601e-33
1.611e-33
1.615e-33
1.614e-33
1.609e-33
1.6e-33
2.658e-33
5.02e-33
2.309e-32
9.095e-32
3.281e-31
1.002e-30
3.157e-30
1.048e-29
3.373e-29
1.063e-28
3.291e-28
1.006e-27
3.075e-27
3.146e-27
3.276e-27
3.559e-27
4.166e-27
7.235e-27
1.425e-26
3.17e-26
7.785e-26
2.058e-25
5.68e-25
1.6e-24
3.779e-24
1.368e-33
1.372e-33
1.38e-33
1.388e-33
1.39e-33
1.383e-33
1.369e-33
1.384e-33
1.393e-33
1.395e-33
1.391e-33
1.383e-33
1.371e-33
1.379e-33
1.387e-33
1.389e-33
1.387e-33
1.381e-33
1.372e-33
1.376e-33
1.384e-33
1.388e-33
1.386e-33
1.381e-33
1.373e-33
1.375e-33
1.383e-33
1.387e-33
1.386e-33
1.382e-33
1.374e-33
1.373e-33
2.538e-33
4.607e-33
2.585e-32
9.687e-32
2.96e-31
9.326e-31
3.095e-30
9.967e-30
3.142e-29
9.731e-29
2.975e-28
9.239e-28
1.953e-27
2.011e-27
2.073e-27
2.02e-27
3.344e-27
6.225e-27
1.316e-26
3.1e-26
7.972e-26
2.172e-25
6.102e-25
1.738e-24
1.529e-33
1.09e-33
1.097e-33
1.109e-33
1.124e-33
1.135e-33
1.137e-33
1.156e-33
1.168e-33
1.172e-33
1.168e-33
1.161e-33
1.15e-33
1.157e-33
1.164e-33
1.165e-33
1.163e-33
1.158e-33
1.149e-33
1.153e-33
1.16e-33
1.163e-33
1.162e-33
1.157e-33
1.15e-33
1.152e-33
1.159e-33
1.162e-33
1.161e-33
1.158e-33
1.151e-33
1.15e-33
1.274e-33
2.319e-33
7.485e-33
2.932e-32
9.225e-32
2.907e-31
9.649e-31
3.108e-30
9.798e-30
3.035e-29
9.284e-29
2.885e-28
9.554e-28
1.208e-27
1.053e-27
9.46e-28
1.559e-27
2.741e-27
5.478e-27
1.225e-26
3.032e-26
8.086e-26
2.253e-25
6.414e-25
3.458e-33
2.189e-33
1.396e-33
9.994e-34
1.002e-33
1.003e-33
1.001e-33
1.01e-33
1.019e-33
1.022e-33
1.02e-33
1.013e-33
1.003e-33
1.01e-33
1.017e-33
1.018e-33
1.016e-33
1.011e-33
1.004e-33
1.007e-33
1.013e-33
1.016e-33
1.015e-33
1.011e-33
1.004e-33
1.006e-33
1.012e-33
1.015e-33
1.015e-33
1.011e-33
1.005e-33
1.005e-33
1.012e-33
1.256e-33
2.183e-33
9.383e-33
3.115e-32
9.821e-32
3.261e-31
1.051e-30
3.313e-30
1.027e-29
3.141e-29
9.766e-29
3.241e-28
6.713e-28
5.8e-28
5.097e-28
8.043e-28
1.353e-27
2.583e-27
5.525e-27
1.318e-26
3.436e-26
9.479e-26
2.695e-25
6.957e-33
4.385e-33
2.778e-33
1.772e-33
1.139e-33
8.247e-34
8.294e-34
8.39e-34
8.519e-34
8.631e-34
8.682e-34
8.666e-34
8.595e-34
8.664e-34
8.726e-34
8.741e-34
8.721e-34
8.673e-34
8.604e-34
8.634e-34
8.687e-34
8.707e-34
8.697e-34
8.662e-34
8.605e-34
8.618e-34
8.673e-34
8.696e-34
8.692e-34
8.662e-34
8.611e-34
8.608e-34
8.665e-34
8.692e-34
1.181e-33
2.115e-33
1.101e-32
3.474e-32
1.154e-31
3.719e-31
1.173e-30
3.636e-30
1.113e-29
3.461e-29
1.15e-28
3.691e-28
3.213e-28
2.778e-28
4.175e-28
6.741e-28
1.227e-27
2.497e-27
5.703e-27
1.44e-26
3.908e-26
1.105e-25
1.471e-32
9.249e-33
5.834e-33
3.697e-33
2.355e-33
1.51e-33
9.763e-34
7.606e-34
7.634e-34
7.672e-34
7.695e-34
7.68e-34
7.618e-34
7.678e-34
7.737e-34
7.752e-34
7.734e-34
7.688e-34
7.624e-34
7.653e-34
7.702e-34
7.72e-34
7.711e-34
7.679e-34
7.628e-34
7.639e-34
7.688e-34
7.709e-34
7.705e-34
7.679e-34
7.633e-34
7.63e-34
7.681e-34
7.705e-34
7.705e-34
1.309e-33
2.597e-33
1.315e-32
4.371e-32
1.409e-31
4.447e-31
1.379e-30
4.221e-30
1.313e-29
4.366e-29
1.405e-28
1.894e-28
1.621e-28
2.334e-28
3.657e-28
6.407e-28
1.252e-27
2.75e-27
6.737e-27
1.796e-26
5.048e-26
2.798e-32
1.757e-32
1.107e-32
6.996e-33
4.44e-33
2.832e-33
1.818e-33
1.163e-33
7.512e-34
6.468e-34
6.524e-34
6.572e-34
6.582e-34
6.664e-34
6.739e-34
6.768e-34
6.758e-34
6.718e-34
6.659e-34
6.686e-34
6.73e-34
6.745e-34
6.735e-34
6.706e-34
6.659e-34
6.669e-34
6.713e-34
6.73e-34
6.727e-34
6.703e-34
6.663e-34
6.66e-34
6.705e-34
6.726e-34
6.725e-34
8.093e-34
1.607e-33
3.206e-33
1.722e-32
5.557e-32
1.754e-31
5.441e-31
1.666e-30
5.186e-30
1.725e-29
5.556e-29
1.122e-28
9.525e-29
1.308e-28
1.998e-28
3.374e-28
6.315e-28
1.329e-27
3.138e-27
8.167e-27
2.27e-26
5.53e-32
3.47e-32
2.183e-32
1.378e-32
8.724e-33
5.544e-33
3.538e-33
2.243e-33
1.43e-33
9.209e-34
6.001e-34
5.969e-34
5.961e-34
5.999e-34
6.05e-34
6.075e-34
6.068e-34
6.032e-34
5.977e-34
6.003e-34
6.045e-34
6.059e-34
6.049e-34
6.022e-34
5.979e-34
5.988e-34
6.028e-34
6.044e-34
6.04e-34
6.019e-34
5.983e-34
5.98e-34
6.021e-34
6.039e-34
6.039e-34
6.021e-34
1.039e-33
2.075e-33
4.188e-33
2.32e-32
7.33e-32
2.275e-31
6.968e-31
2.17e-30
7.223e-30
2.329e-29
6.983e-29
5.902e-29
7.758e-29
1.164e-28
1.911e-28
3.411e-28
6.902e-28
1.6e-27
4.066e-27
1.116e-26
9.978e-32
6.259e-32
3.937e-32
2.483e-32
1.57e-32
9.966e-33
6.346e-33
4.007e-33
2.541e-33
1.622e-33
1.045e-33
6.81e-34
5.167e-34
5.21e-34
5.274e-34
5.328e-34
5.352e-34
5.339e-34
5.298e-34
5.326e-34
5.366e-34
5.379e-34
5.37e-34
5.344e-34
5.304e-34
5.312e-34
5.348e-34
5.362e-34
5.358e-34
5.339e-34
5.306e-34
5.304e-34
5.339e-34
5.356e-34
5.355e-34
5.339e-34
6.722e-34
1.343e-33
2.714e-33
1.003e-32
3.17e-32
9.844e-32
3.017e-31
9.4e-31
3.131e-30
1.01e-29
3.179e-29
3.677e-29
3.109e-29
6.814e-29
1.09e-28
1.872e-28
3.607e-28
8.086e-28
2.016e-27
5.442e-27
1.856e-31
1.164e-31
7.318e-32
4.614e-32
2.916e-32
1.849e-32
1.175e-32
7.402e-33
4.674e-33
2.966e-33
1.894e-33
1.219e-33
7.916e-34
5.167e-34
4.822e-34
4.847e-34
4.86e-34
4.849e-34
4.813e-34
4.837e-34
4.875e-34
4.887e-34
4.878e-34
4.853e-34
4.815e-34
4.824e-34
4.857e-34
4.87e-34
4.866e-34
4.848e-34
4.818e-34
4.816e-34
4.849e-34
4.864e-34
4.863e-34
4.848e-34
4.82e-34
9.025e-34
1.825e-33
3.671e-33
1.44e-32
4.475e-32
1.372e-31
4.278e-31
1.426e-30
4.604e-30
1.451e-29
2.391e-29
2.009e-29
4.189e-29
6.576e-29
1.101e-28
2.031e-28
4.36e-28
1.079e-27
2.862e-27
3.195e-31
2.004e-31
1.26e-31
7.939e-32
5.017e-32
3.179e-32
2.02e-32
1.271e-32
8.008e-33
5.068e-33
3.223e-33
2.061e-33
1.328e-33
8.563e-34
5.584e-34
4.259e-34
4.29e-34
4.309e-34
4.301e-34
4.335e-34
4.377e-34
4.394e-34
4.388e-34
4.365e-34
4.33e-34
4.338e-34
4.368e-34
4.38e-34
4.376e-34
4.359e-34
4.331e-34
4.329e-34
4.359e-34
4.373e-34
4.372e-34
4.358e-34
4.333e-34
6.066e-34
1.229e-33
2.474e-33
4.955e-33
2.096e-32
6.435e-32
2.007e-31
6.694e-31
2.163e-30
6.822e-30
1.562e-29
1.306e-29
2.583e-29
3.989e-29
6.576e-29
1.163e-28
2.388e-28
5.711e-28
1.499e-27
5.635e-31
3.534e-31
2.221e-31
1.4e-31
8.845e-32
5.603e-32
3.558e-32
2.236e-32
1.408e-32
8.891e-33
5.637e-33
3.589e-33
2.298e-33
1.466e-33
9.425e-34
6.135e-34
4.055e-34
3.972e-34
3.961e-34
3.981e-34
4.015e-34
4.03e-34
4.025e-34
4.004e-34
3.97e-34
3.978e-34
4.007e-34
4.018e-34
4.014e-34
3.998e-34
3.972e-34
3.97e-34
3.997e-34
4.01e-34
4.009e-34
3.996e-34
3.973e-34
4.206e-34
8.532e-34
1.72e-33
3.449e-33
6.882e-33
3.147e-32
9.824e-32
3.279e-31
1.06e-30
3.348e-30
1.037e-29
8.81e-30
1.656e-29
2.528e-29
4.09e-29
7.072e-29
1.395e-28
3.211e-28
8.369e-28
9.305e-31
5.835e-31
3.668e-31
2.311e-31
1.46e-31
9.249e-32
5.872e-32
3.689e-32
2.321e-32
1.464e-32
9.271e-33
5.891e-33
3.76e-33
2.387e-33
1.523e-33
9.808e-34
6.396e-34
4.233e-34
3.555e-34
3.583e-34
3.623e-34
3.649e-34
3.653e-34
3.639e-34
3.61e-34
3.618e-34
3.646e-34
3.656e-34
3.652e-34
3.637e-34
3.612e-34
3.611e-34
3.636e-34
3.647e-34
3.646e-34
3.635e-34
3.613e-34
3.606e-34
5.93e-34
1.198e-33
2.404e-33
4.802e-33
1.58e-32
4.937e-32
1.649e-31
5.338e-31
1.687e-30
5.228e-30
5.974e-30
1.064e-29
1.609e-29
2.554e-29
4.364e-29
8.269e-29
1.83e-28
4.671e-28
1.567e-30
9.826e-31
6.176e-31
3.892e-31
2.459e-31
1.557e-31
9.884e-32
6.209e-32
3.904e-32
2.462e-32
1.557e-32
9.876e-33
6.289e-33
3.977e-33
2.522e-33
1.61e-33
1.038e-33
6.764e-34
4.469e-34
3.336e-34
3.357e-34
3.376e-34
3.379e-34
3.367e-34
3.34e-34
3.347e-34
3.374e-34
3.383e-34
3.379e-34
3.364e-34
3.341e-34
3.34e-34
3.363e-34
3.374e-34
3.373e-34
3.362e-34
3.342e-34
3.335e-34
4.231e-34
8.561e-34
1.722e-33
3.443e-33
6.853e-33
2.574e-32
8.607e-32
2.788e-31
8.817e-31
2.737e-30
4.179e-30
7.052e-30
1.06e-29
1.659e-29
2.809e-29
5.171e-29
1.103e-28
2.746e-28
1.759e-30
1.563e-30
9.828e-31
6.193e-31
3.912e-31
2.477e-31
1.572e-31
9.876e-32
6.209e-32
3.914e-32
2.474e-32
1.568e-32
9.973e-33
6.295e-33
3.979e-33
2.53e-33
1.62e-33
1.046e-33
6.836e-34
4.503e-34
3.039e-34
3.063e-34
3.08e-34
3.08e-34
3.062e-34
3.073e-34
3.099e-34
3.109e-34
3.106e-34
3.092e-34
3.07e-34
3.068e-34
3.091e-34
3.1e-34
3.099e-34
3.089e-34
3.07e-34
3.064e-34
3.086e-34
6.126e-34
1.234e-33
2.472e-33
4.926e-33
9.827e-33
4.597e-32
1.491e-31
4.718e-31
1.466e-30
2.936e-30
4.683e-30
7.007e-30
1.083e-29
1.796e-29
3.277e-29
6.736e-29
1.62e-28
1.872e-30
1.867e-30
1.589e-30
1.001e-30
6.324e-31
4.004e-31
2.542e-31
1.596e-31
1.003e-31
6.323e-32
3.995e-32
2.531e-32
1.608e-32
1.014e-32
6.393e-33
4.05e-33
2.58e-33
1.654e-33
1.07e-33
6.947e-34
4.565e-34
3.056e-34
2.874e-34
2.873e-34
2.858e-34
2.866e-34
2.89e-34
2.899e-34
2.896e-34
2.882e-34
2.861e-34
2.86e-34
2.881e-34
2.89e-34
2.889e-34
2.879e-34
2.862e-34
2.856e-34
2.876e-34
4.483e-34
9.053e-34
1.816e-33
3.625e-33
7.239e-33
2.535e-32
8.228e-32
2.607e-31
8.109e-31
2.118e-30
3.194e-30
4.766e-30
7.3e-30
1.19e-29
2.139e-29
4.312e-29
1.004e-28
1.99e-30
1.985e-30
1.981e-30
1.541e-30
9.735e-31
6.164e-31
3.913e-31
2.457e-31
1.544e-31
9.731e-32
6.147e-32
3.893e-32
2.473e-32
1.557e-32
9.81e-33
6.203e-33
3.94e-33
2.516e-33
1.618e-33
1.042e-33
6.765e-34
4.463e-34
2.999e-34
2.638e-34
2.634e-34
2.647e-34
2.673e-34
2.685e-34
2.683e-34
2.671e-34
2.652e-34
2.651e-34
2.671e-34
2.679e-34
2.678e-34
2.669e-34
2.652e-34
2.647e-34
2.666e-34
3.283e-34
6.647e-34
1.336e-33
2.671e-33
5.342e-33
1.082e-32
4.636e-32
1.471e-31
4.579e-31
1.402e-30
2.182e-30
3.25e-30
4.94e-30
7.927e-30
1.394e-29
2.76e-29
6.229e-29
2.114e-30
2.108e-30
2.105e-30
2.103e-30
1.518e-30
9.613e-31
6.101e-31
3.831e-31
2.408e-31
1.517e-31
9.583e-32
6.068e-32
3.853e-32
2.425e-32
1.526e-32
9.636e-33
6.107e-33
3.888e-33
2.489e-33
1.59e-33
1.022e-33
6.651e-34
4.395e-34
2.956e-34
2.481e-34
2.489e-34
2.509e-34
2.52e-34
2.519e-34
2.508e-34
2.489e-34
2.487e-34
2.507e-34
2.515e-34
2.513e-34
2.504e-34
2.489e-34
2.483e-34
2.502e-34
2.51e-34
4.975e-34
1.003e-33
2.008e-33
4.022e-33
8.159e-33
2.686e-32
8.532e-32
2.659e-31
8.155e-31
1.525e-30
2.27e-30
3.431e-30
5.439e-30
9.388e-30
1.819e-29
4.015e-29
2.241e-30
2.236e-30
2.233e-30
2.232e-30
2.233e-30
1.437e-30
9.119e-31
5.726e-31
3.599e-31
2.267e-31
1.432e-31
9.066e-32
5.755e-32
3.621e-32
2.278e-32
1.437e-32
9.097e-33
5.781e-33
3.691e-33
2.348e-33
1.5e-33
9.675e-34
6.324e-34
4.197e-34
2.834e-34
2.308e-34
2.33e-34
2.345e-34
2.348e-34
2.34e-34
2.323e-34
2.323e-34
2.341e-34
2.349e-34
2.348e-34
2.339e-34
2.324e-34
2.319e-34
2.336e-34
2.345e-34
3.726e-34
7.53e-34
1.512e-33
3.033e-33
6.163e-33
1.244e-32
5.04e-32
1.573e-31
4.829e-31
6.952e-31
1.589e-30
2.391e-30
3.749e-30
6.356e-30
1.205e-29
2.599e-29
2.371e-30
2.368e-30
2.366e-30
2.366e-30
2.368e-30
2.17e-30
1.377e-30
8.648e-31
5.435e-31
3.424e-31
2.163e-31
1.369e-31
8.69e-32
5.466e-32
3.437e-32
2.167e-32
1.371e-32
8.698e-33
5.541e-33
3.514e-33
2.232e-33
1.429e-33
9.247e-34
6.06e-34
4.03e-34
2.719e-34
2.203e-34
2.214e-34
2.217e-34
2.21e-34
2.194e-34
2.193e-34
2.211e-34
2.218e-34
2.217e-34
2.209e-34
2.194e-34
2.189e-34
2.206e-34
2.213e-34
2.836e-34
5.751e-34
1.157e-33
2.327e-33
4.737e-33
9.575e-33
3.051e-32
9.535e-32
2.931e-31
5.269e-31
1.135e-30
1.704e-30
2.648e-30
4.423e-30
8.223e-30
1.738e-29
2.493e-30
2.497e-30
2.499e-30
2.502e-30
2.506e-30
2.512e-30
2.004e-30
1.259e-30
7.91e-31
4.983e-31
3.147e-31
1.992e-31
1.264e-31
7.953e-32
4.999e-32
3.151e-32
1.992e-32
1.263e-32
8.036e-33
5.086e-33
3.22e-33
2.053e-33
1.32e-33
8.575e-34
5.644e-34
3.758e-34
2.545e-34
2.067e-34
2.075e-34
2.072e-34
2.06e-34
2.061e-34
2.079e-34
2.086e-34
2.085e-34
2.077e-34
2.063e-34
2.058e-34
2.074e-34
2.081e-34
2.16e-34
4.395e-34
8.872e-34
1.788e-33
3.647e-33
7.384e-33
1.485e-32
5.874e-32
1.808e-31
4.007e-31
8.122e-31
1.217e-30
1.878e-30
3.093e-30
5.642e-30
1.168e-29
2.605e-30
2.621e-30
2.632e-30
2.64e-30
2.647e-30
2.656e-30
2.667e-30
1.848e-30
1.161e-30
7.314e-31
4.619e-31
2.924e-31
1.856e-31
1.167e-31
7.335e-32
4.622e-32
2.92e-32
1.851e-32
1.176e-32
7.433e-33
4.695e-33
2.982e-33
1.907e-33
1.23e-33
8.014e-34
5.266e-34
3.51e-34
2.388e-34
1.978e-34
1.977e-34
1.971e-34
1.971e-34
1.979e-34
1.982e-34
1.981e-34
1.977e-34
1.971e-34
1.968e-34
1.975e-34
1.978e-34
1.978e-34
3.407e-34
6.9e-34
1.395e-33
2.851e-33
5.782e-33
1.164e-32
2.331e-32
1.14e-31
3.102e-31
5.917e-31
8.857e-31
1.359e-30
2.213e-30
3.971e-30
8.068e-30
2.67e-30
2.714e-30
2.745e-30
2.767e-30
2.784e-30
2.799e-30
2.814e-30
2.625e-30
1.65e-30
1.039e-30
6.563e-31
4.154e-31
2.636e-31
1.658e-31
1.042e-31
6.564e-32
4.146e-32
2.627e-32
1.669e-32
1.053e-32
6.644e-33
4.209e-33
2.683e-33
1.722e-33
1.115e-33
7.261e-34
4.783e-34
3.211e-34
2.199e-34
2.003e-34
2e-34
2.002e-34
2.012e-34
2.016e-34
2.015e-34
2.011e-34
2.005e-34
2.002e-34
2.009e-34
2.012e-34
2.012e-34
2.641e-34
5.37e-34
1.089e-33
2.232e-33
4.535e-33
9.149e-33
1.834e-32
7.293e-32
2.252e-31
4.319e-31
6.462e-31
9.872e-31
1.59e-30
2.808e-30
5.599e-30
2.693e-30
2.775e-30
2.835e-30
2.88e-30
2.913e-30
2.939e-30
2.962e-30
2.965e-30
2.361e-30
1.487e-30
9.391e-31
5.944e-31
3.772e-31
2.372e-31
1.49e-31
9.389e-32
5.93e-32
3.755e-32
2.385e-32
1.504e-32
9.476e-33
5.993e-33
3.808e-33
2.434e-33
1.568e-33
1.012e-33
6.594e-34
4.366e-34
2.946e-34
2.053e-34
2.05e-34
2.05e-34
2.06e-34
2.064e-34
2.063e-34
2.058e-34
2.051e-34
2.049e-34
2.056e-34
2.059e-34
2.059e-34
2.056e-34
4.232e-34
8.609e-34
1.77e-33
3.605e-33
7.285e-33
1.462e-32
4.755e-32
1.471e-31
3.201e-31
4.791e-31
7.296e-31
1.165e-30
2.03e-30
3.979e-30
2.63e-30
2.755e-30
2.859e-30
2.942e-30
3.006e-30
3.056e-30
3.096e-30
3.11e-30
3.118e-30
2.068e-30
1.306e-30
8.264e-31
5.244e-31
3.297e-31
2.072e-31
1.305e-31
8.241e-32
5.218e-32
3.313e-32
2.089e-32
1.315e-32
8.305e-33
5.269e-33
3.359e-33
2.155e-33
1.384e-33
8.945e-34
5.864e-34
3.911e-34
2.658e-34
2.077e-34
2.08e-34
2.091e-34
2.097e-34
2.098e-34
2.094e-34
2.086e-34
2.084e-34
2.091e-34
2.095e-34
2.094e-34
2.091e-34
3.336e-34
6.813e-34
1.405e-33
2.869e-33
5.811e-33
1.168e-32
2.334e-32
9.734e-32
1.581e-31
3.56e-31
5.407e-31
8.571e-31
1.473e-30
2.841e-30
2.546e-30
2.698e-30
2.839e-30
2.962e-30
3.064e-30
3.147e-30
3.212e-30
3.246e-30
3.267e-30
2.891e-30
1.826e-30
1.155e-30
7.332e-31
4.611e-31
2.897e-31
1.825e-31
1.152e-31
7.294e-32
4.629e-32
2.918e-32
1.835e-32
1.158e-32
7.338e-33
4.669e-33
2.986e-33
1.909e-33
1.225e-33
7.955e-34
5.244e-34
3.518e-34
2.403e-34
2.131e-34
2.14e-34
2.145e-34
2.145e-34
2.141e-34
2.133e-34
2.13e-34
2.138e-34
2.142e-34
2.141e-34
2.138e-34
2.658e-34
5.451e-34
1.128e-33
2.311e-33
4.69e-33
9.446e-33
1.89e-32
6.55e-32
1.532e-31
2.683e-31
4.068e-31
6.41e-31
1.089e-30
2.07e-30
2.436e-30
2.59e-30
2.747e-30
2.901e-30
3.042e-30
3.167e-30
3.273e-30
3.343e-30
3.391e-30
3.425e-30
2.489e-30
1.575e-30
9.995e-31
6.284e-31
3.948e-31
2.487e-31
1.57e-31
9.939e-32
6.307e-32
3.974e-32
2.499e-32
1.576e-32
9.977e-33
6.339e-33
4.047e-33
2.578e-33
1.646e-33
1.062e-33
6.945e-34
4.611e-34
3.115e-34
2.159e-34
2.17e-34
2.177e-34
2.18e-34
2.177e-34
2.169e-34
2.166e-34
2.175e-34
2.179e-34
2.178e-34
2.175e-34
2.169e-34
4.363e-34
9.067e-34
1.863e-33
3.79e-33
7.65e-33
1.533e-32
3.059e-32
1.478e-31
2.026e-31
3.069e-31
4.809e-31
8.089e-31
1.515e-30
2.371e-30
2.51e-30
2.662e-30
2.824e-30
2.988e-30
3.146e-30
3.291e-30
3.404e-30
3.488e-30
3.551e-30
3.409e-30
2.157e-30
1.369e-30
8.606e-31
5.407e-31
3.406e-31
2.15e-31
1.361e-31
8.636e-32
5.44e-32
3.42e-32
2.156e-32
1.364e-32
8.655e-33
5.515e-33
3.505e-33
2.229e-33
1.43e-33
9.273e-34
6.097e-34
4.072e-34
2.763e-34
2.22e-34
2.226e-34
2.228e-34
2.225e-34
2.217e-34
2.214e-34
2.222e-34
2.226e-34
2.226e-34
2.222e-34
2.216e-34
3.526e-34
7.358e-34
1.517e-33
3.095e-33
6.261e-33
1.257e-32
2.512e-32
1.04e-31
1.167e-31
2.345e-31
3.66e-31
6.102e-31
1.128e-30
2.342e-30
2.452e-30
2.578e-30
2.723e-30
2.884e-30
3.054e-30
3.226e-30
3.384e-30
3.517e-30
3.623e-30
3.706e-30
2.89e-30
1.833e-30
1.152e-30
7.24e-31
4.56e-31
2.878e-31
1.822e-31
1.156e-31
7.281e-32
4.576e-32
2.884e-32
1.823e-32
1.156e-32
7.36e-33
4.669e-33
2.961e-33
1.892e-33
1.22e-33
7.964e-34
5.272e-34
3.539e-34
2.417e-34
2.256e-34
2.261e-34
2.259e-34
2.253e-34
2.251e-34
2.26e-34
2.264e-34
2.264e-34
2.26e-34
2.254e-34
2.849e-34
5.975e-34
1.236e-33
2.53e-33
5.131e-33
1.032e-32
2.066e-32
4.189e-32
1.129e-31
1.796e-31
2.794e-31
4.62e-31
8.436e-31
2.366e-30
2.45e-30
2.549e-30
2.666e-30
2.806e-30
2.967e-30
3.145e-30
3.332e-30
3.505e-30
3.655e-30
3.78e-30
3.88e-30
2.463e-30
1.549e-30
9.73e-31
6.128e-31
3.868e-31
2.448e-31
1.553e-31
9.783e-32
6.147e-32
3.873e-32
2.448e-32
1.551e-32
9.865e-33
6.249e-33
3.953e-33
2.517e-33
1.615e-33
1.047e-33
6.875e-34
4.566e-34
3.079e-34
2.305e-34
2.309e-34
2.308e-34
2.301e-34
2.298e-34
2.308e-34
2.312e-34
2.312e-34
2.308e-34
2.301e-34
2.296e-34
4.894e-34
1.017e-33
2.088e-33
4.244e-33
8.553e-33
1.716e-32
3.484e-32
1.098e-31
9.073e-32
2.159e-31
3.546e-31
6.406e-31
2.424e-30
2.487e-30
2.557e-30
2.642e-30
2.747e-30
2.878e-30
3.036e-30
3.227e-30
3.422e-30
3.608e-30
3.778e-30
3.924e-30
3.245e-30
2.041e-30
1.282e-30
8.072e-31
5.095e-31
3.224e-31
2.045e-31
1.288e-31
8.093e-32
5.098e-32
3.221e-32
2.041e-32
1.297e-32
8.206e-33
5.183e-33
3.292e-33
2.106e-33
1.359e-33
8.863e-34
5.837e-34
3.896e-34
2.654e-34
2.34e-34
2.342e-34
2.337e-34
2.335e-34
2.346e-34
2.351e-34
2.35e-34
2.346e-34
2.339e-34
2.335e-34
4.009e-34
8.367e-34
1.724e-33
3.514e-33
7.099e-33
1.427e-32
2.903e-32
1.065e-31
8.775e-32
1.672e-31
2.731e-31
4.882e-31
2.51e-30
2.56e-30
2.611e-30
2.67e-30
2.744e-30
2.841e-30
2.967e-30
3.145e-30
3.34e-30
3.541e-30
3.741e-30
3.928e-30
4.095e-30
2.831e-30
1.824e-30
1.169e-30
7.464e-31
4.754e-31
3.023e-31
1.912e-31
1.206e-31
7.619e-32
4.819e-32
3.053e-32
1.938e-32
1.228e-32
7.796e-33
4.978e-33
3.206e-33
2.093e-33
1.393e-33
9.54e-34
6.815e-34
5.186e-34
4.267e-34
2.391e-34
2.386e-34
2.384e-34
2.394e-34
2.399e-34
2.399e-34
2.394e-34
2.387e-34
2.382e-34
3.309e-34
6.938e-34
1.435e-33
2.934e-33
5.942e-33
1.196e-32
2.439e-32
4.91e-32
8.533e-32
1.31e-31
2.128e-31
3.771e-31
2.615e-30
2.656e-30
2.693e-30
2.731e-30
2.778e-30
2.841e-30
2.929e-30
3.077e-30
3.249e-30
3.441e-30
3.647e-30
3.857e-30
4.062e-30
4.24e-30
2.768e-30
1.792e-30
1.154e-30
7.39e-31
4.719e-31
2.992e-31
1.891e-31
1.196e-31
7.566e-32
4.793e-32
3.041e-32
1.926e-32
1.22e-32
7.769e-33
4.981e-33
3.227e-33
2.124e-33
1.428e-33
9.924e-34
7.272e-34
5.713e-34
4.87e-34
2.421e-34
2.421e-34
2.432e-34
2.438e-34
2.438e-34
2.434e-34
2.427e-34
2.422e-34
2.732e-34
5.756e-34
1.195e-33
2.452e-33
4.979e-33
1.005e-32
2.052e-32
4.14e-32
8.282e-32
7.026e-32
1.663e-31
2.923e-31
2.732e-30
2.769e-30
2.798e-30
2.824e-30
2.852e-30
2.889e-30
2.944e-30
3.063e-30
3.206e-30
3.374e-30
3.566e-30
3.779e-30
4.002e-30
4.221e-30
4.073e-30
2.664e-30
1.729e-30
1.116e-30
7.161e-31
4.556e-31
2.886e-31
1.828e-31
1.157e-31
7.334e-32
4.653e-32
2.945e-32
1.864e-32
1.184e-32
7.568e-33
4.877e-33
3.183e-33
2.111e-33
1.438e-33
1.023e-33
7.731e-34
6.299e-34
5.577e-34
2.471e-34
2.481e-34
2.487e-34
2.487e-34
2.482e-34
2.475e-34
2.469e-34
2.744e-34
4.809e-34
1.003e-33
2.064e-33
4.203e-33
8.502e-33
1.74e-32
3.517e-32
8.074e-32
6.823e-32
1.313e-31
2.291e-31
2.859e-30
2.894e-30
2.918e-30
2.935e-30
2.95e-30
2.967e-30
2.996e-30
3.086e-30
3.197e-30
3.33e-30
3.491e-30
3.681e-30
3.897e-30
4.136e-30
4.367e-30
3.871e-30
2.544e-30
1.659e-30
1.074e-30
6.878e-31
4.376e-31
2.779e-31
1.764e-31
1.119e-31
7.102e-32
4.495e-32
2.842e-32
1.803e-32
1.15e-32
7.377e-33
4.782e-33
3.139e-33
2.102e-33
1.459e-33
1.066e-33
8.324e-34
7.038e-34
5.423e-34
2.519e-34
2.526e-34
2.527e-34
2.523e-34
2.515e-34
2.51e-34
2.78e-34
4.12e-34
8.418e-34
1.739e-33
3.552e-33
7.203e-33
1.478e-32
2.993e-32
5.971e-32
6.617e-32
1.04e-31
1.802e-31
2.994e-30
3.028e-30
3.049e-30
3.062e-30
3.068e-30
3.073e-30
3.082e-30
3.153e-30
3.237e-30
3.338e-30
3.464e-30
3.623e-30
3.815e-30
4.054e-30
4.304e-30
4.546e-30
3.641e-30
2.398e-30
1.567e-30
1.011e-30
6.466e-31
4.122e-31
2.622e-31
1.666e-31
1.059e-31
6.703e-32
4.237e-32
2.686e-32
1.709e-32
1.094e-32
7.054e-33
4.594e-33
3.039e-33
2.07e-33
1.472e-33
1.109e-33
8.997e-34
7.916e-34
4.961e-34
2.575e-34
2.576e-34
2.571e-34
2.563e-34
2.558e-34
2.817e-34
3.955e-34
7.111e-34
1.475e-33
3.022e-33
6.143e-33
1.263e-32
2.564e-32
5.126e-32
6.446e-32
5.708e-32
1.432e-31
