# For the net reaction CH4 + CH4 -> C2H6 + H2
65 56 3640
T [K]
300.0 350.0 400.0 450.0 500.0 550.0 600.0 650.0 700.0 750.0 800.0 850.0 900.0 950.0 1000.0 1050.0 1100.0 1150.0 1200.0 1250.0 1300.0 1350.0 1400.0 1450.0 1500.0 1550.0 1600.0 1650.0 1700.0 1750.0 1800.0 1850.0 1900.0 1950.0 2000.0 2050.0 2100.0 2150.0 2200.0 2250.0 2300.0 2350.0 2400.0 2450.0 2500.0 2550.0 2600.0 2650.0 2700.0 2750.0 2800.0 2850.0 2900.0 2950.0 3000.0 3050.0 3100.0 3150.0 3200.0 3250.0 3300.0 3350.0 3400.0 3450.0 3500.0
p [bar]
1e-08 1.585e-08 2.512e-08 3.981e-08 6.31e-08 1e-07 1.585e-07 2.512e-07 3.981e-07 6.31e-07 1e-06 1.585e-06 2.512e-06 3.981e-06 6.31e-06 1e-05 1.585e-05 2.512e-05 3.981e-05 6.31e-05 0.0001 0.0001585 0.0002512 0.0003981 0.000631 0.001 0.001585 0.002512 0.003981 0.00631 0.01 0.01585 0.02512 0.03981 0.0631 0.1 0.1585 0.2512 0.3981 0.631 1.0 1.585 2.512 3.981 6.31 10.0 15.85 25.12 39.81 63.1 100.0 158.5 251.2 398.1 631.0 1000.0
kf [cm6 s-1]
7.178e-67
5.706e-67
4.534e-67
3.603e-67
2.861e-67
2.272e-67
1.803e-67
1.433e-67
1.139e-67
9.049e-68
7.187e-68
5.707e-68
4.53e-68
3.6e-68
2.861e-68
2.273e-68
1.806e-68
1.434e-68
1.138e-68
9.043e-69
7.188e-69
5.711e-69
4.536e-69
3.602e-69
2.86e-69
2.272e-69
1.805e-69
1.435e-69
1.14e-69
9.049e-70
7.184e-70
5.705e-70
4.535e-70
3.603e-70
2.862e-70
2.273e-70
1.805e-70
1.433e-70
1.139e-70
9.051e-71
7.19e-71
5.71e-71
4.533e-71
3.599e-71
2.861e-71
2.273e-71
1.806e-71
1.434e-71
1.139e-71
9.04e-72
7.186e-72
5.71e-72
4.537e-72
3.603e-72
2.861e-72
2.271e-72
8.905e-58
7.079e-58
5.626e-58
4.47e-58
3.55e-58
2.819e-58
2.237e-58
1.778e-58
1.413e-58
1.123e-58
8.917e-59
7.08e-59
5.62e-59
4.466e-59
3.549e-59
2.82e-59
2.24e-59
1.779e-59
1.412e-59
1.122e-59
8.915e-60
7.084e-60
5.627e-60
4.468e-60
3.547e-60
2.818e-60
2.24e-60
1.78e-60
1.414e-60
1.123e-60
8.912e-61
7.079e-61
5.626e-61
4.471e-61
3.551e-61
2.82e-61
2.239e-61
1.778e-61
1.413e-61
1.123e-61
8.921e-62
7.084e-62
5.624e-62
4.465e-62
3.55e-62
2.821e-62
2.241e-62
1.78e-62
1.413e-62
1.122e-62
8.915e-63
7.085e-63
5.629e-63
4.47e-63
3.549e-63
2.817e-63
2.47e-52
1.978e-52
1.577e-52
1.254e-52
9.967e-53
7.915e-53
6.283e-53
4.994e-53
3.969e-53
3.153e-53
2.504e-53
1.989e-53
1.578e-53
1.254e-53
9.969e-54
7.92e-54
6.291e-54
4.995e-54
3.965e-54
3.15e-54
2.504e-54
1.99e-54
1.58e-54
1.255e-54
9.962e-55
7.914e-55
6.29e-55
4.998e-55
3.97e-55
3.153e-55
2.503e-55
1.988e-55
1.58e-55
1.256e-55
9.974e-56
7.921e-56
6.288e-56
4.993e-56
3.969e-56
3.154e-56
2.505e-56
1.99e-56
1.58e-56
1.254e-56
9.969e-57
7.922e-57
6.293e-57
4.998e-57
3.968e-57
3.15e-57
2.504e-57
1.99e-57
1.581e-57
1.256e-57
9.968e-58
7.912e-58
2.791e-48
4.565e-48
7.125e-48
9.966e-48
1.205e-47
1.256e-47
1.159e-47
9.887e-48
8.105e-48
6.524e-48
5.209e-48
4.145e-48
3.293e-48
2.618e-48
2.081e-48
1.653e-48
1.313e-48
1.043e-48
8.278e-49
6.577e-49
5.227e-49
4.153e-49
3.299e-49
2.62e-49
2.079e-49
1.652e-49
1.313e-49
1.043e-49
8.287e-50
6.581e-50
5.224e-50
4.149e-50
3.298e-50
2.621e-50
2.082e-50
1.653e-50
1.313e-50
1.042e-50
8.285e-51
6.584e-51
5.23e-51
4.154e-51
3.298e-51
2.618e-51
2.081e-51
1.654e-51
1.314e-51
1.043e-51
8.284e-52
6.576e-52
5.227e-52
4.154e-52
3.3e-52
2.621e-52
2.081e-52
1.652e-52
2.248e-46
4.606e-46
9.224e-46
1.8e-45
3.38e-45
5.96e-45
9.542e-45
1.356e-44
1.655e-44
1.755e-44
1.655e-44
1.437e-44
1.189e-44
9.607e-45
7.688e-45
6.125e-45
4.871e-45
3.87e-45
3.072e-45
2.441e-45
1.94e-45
1.542e-45
1.224e-45
9.723e-46
7.719e-46
6.131e-46
4.873e-46
3.872e-46
3.076e-46
2.443e-46
1.939e-46
1.54e-46
1.224e-46
9.728e-47
7.728e-47
6.137e-47
4.872e-47
3.869e-47
3.075e-47
2.444e-47
1.941e-47
1.542e-47
1.224e-47
9.718e-48
7.725e-48
6.138e-48
4.876e-48
3.873e-48
3.075e-48
2.441e-48
1.94e-48
1.542e-48
1.225e-48
9.728e-49
7.724e-49
6.13e-49
1.043e-42
1.03e-42
1.024e-42
1.023e-42
1.026e-42
1.035e-42
1.049e-42
1.051e-42
1.073e-42
1.536e-42
2.669e-42
4.315e-42
6.518e-42
9.183e-42
1.159e-41
1.281e-41
1.245e-41
1.097e-41
9.131e-42
7.398e-42
5.927e-42
4.724e-42
3.758e-42
3.411e-42
3.095e-42
2.703e-42
2.253e-42
1.782e-42
1.338e-42
9.582e-43
6.605e-43
4.73e-43
3.76e-43
2.987e-43
2.373e-43
1.885e-43
1.496e-43
1.188e-43
9.445e-44
7.506e-44
5.962e-44
4.735e-44
3.759e-44
2.985e-44
2.372e-44
1.885e-44
1.498e-44
1.189e-44
9.444e-45
7.497e-45
5.959e-45
4.736e-45
3.762e-45
2.988e-45
2.372e-45
1.883e-45
1.308e-38
8.154e-39
5.113e-39
4.623e-39
4.636e-39
4.666e-39
4.709e-39
4.661e-39
4.63e-39
4.622e-39
4.633e-39
4.66e-39
4.7e-39
4.665e-39
4.636e-39
4.632e-39
4.642e-39
4.653e-39
4.651e-39
4.619e-39
4.569e-39
4.49e-39
4.363e-39
4.172e-39
3.9e-39
3.54e-39
3.091e-39
2.572e-39
2.031e-39
1.521e-39
1.088e-39
7.5e-40
5.034e-40
3.308e-40
2.143e-40
1.374e-40
8.755e-41
5.559e-41
3.528e-41
2.629e-41
2.089e-41
1.659e-41
1.317e-41
1.046e-41
8.312e-42
6.605e-42
5.247e-42
4.167e-42
3.308e-42
2.626e-42
2.088e-42
1.659e-42
1.318e-42
1.047e-42
8.311e-43
6.596e-43
1.842e-35
1.148e-35
7.199e-36
4.537e-36
2.871e-36
2.114e-36
2.134e-36
2.112e-36
2.098e-36
2.094e-36
2.1e-36
2.112e-36
2.131e-36
2.117e-36
2.105e-36
2.113e-36
2.146e-36
2.223e-36
2.371e-36
2.591e-36
2.898e-36
3.256e-36
3.588e-36
3.799e-36
3.822e-36
3.662e-36
3.356e-36
2.934e-36
2.436e-36
1.916e-36
1.43e-36
1.021e-36
7.032e-37
4.709e-37
3.089e-37
1.998e-37
1.28e-37
8.157e-38
5.188e-38
3.29e-38
2.082e-38
1.315e-38
8.298e-39
5.234e-39
3.309e-39
2.09e-39
1.535e-39
1.219e-39
9.681e-40
7.685e-40
6.109e-40
4.855e-40
3.857e-40
3.063e-40
2.432e-40
1.93e-40
1.911e-32
1.191e-32
7.47e-33
4.708e-33
2.979e-33
1.892e-33
1.205e-33
7.901e-34
7.848e-34
7.834e-34
7.854e-34
7.899e-34
7.97e-34
7.906e-34
7.845e-34
7.824e-34
7.833e-34
7.867e-34
7.918e-34
7.851e-34
7.756e-34
7.683e-34
7.611e-34
7.501e-34
7.311e-34
6.977e-34
6.502e-34
5.87e-34
5.082e-34
4.186e-34
3.268e-34
2.428e-34
1.727e-34
1.185e-34
7.906e-35
5.174e-35
3.341e-35
2.14e-35
1.365e-35
8.675e-36
5.497e-36
3.475e-36
2.194e-36
1.385e-36
8.754e-37
5.53e-37
3.491e-37
2.202e-37
1.388e-37
8.748e-38
5.528e-38
3.971e-38
3.155e-38
2.506e-38
1.989e-38
1.579e-38
4.534e-30
2.826e-30
1.772e-30
1.117e-30
7.067e-31
4.488e-31
2.858e-31
1.785e-31
1.119e-31
7.358e-32
7.377e-32
7.42e-32
7.486e-32
7.427e-32
7.371e-32
7.352e-32
7.362e-32
7.398e-32
7.453e-32
7.401e-32
7.328e-32
7.297e-32
7.314e-32
7.398e-32
7.57e-32
7.754e-32
7.901e-32
7.902e-32
7.585e-32
6.85e-32
5.761e-32
4.529e-32
3.364e-32
2.383e-32
1.628e-32
1.082e-32
7.063e-33
4.556e-33
2.921e-33
1.861e-33
1.182e-33
7.479e-34
4.725e-34
2.983e-34
1.887e-34
1.192e-34
7.527e-35
4.748e-35
2.993e-35
1.887e-35
1.192e-35
7.529e-36
4.752e-36
2.997e-36
1.889e-36
1.19e-36
8.423e-28
5.25e-28
3.292e-28
2.075e-28
1.313e-28
8.337e-29
5.308e-29
3.316e-29
2.078e-29
1.309e-29
8.28e-30
5.901e-30
5.954e-30
5.907e-30
5.863e-30
5.848e-30
5.857e-30
5.887e-30
5.932e-30
5.891e-30
5.829e-30
5.79e-30
5.764e-30
5.738e-30
5.698e-30
5.551e-30
5.317e-30
5.029e-30
4.652e-30
4.159e-30
3.555e-30
2.88e-30
2.213e-30
1.619e-30
1.135e-30
7.699e-31
5.094e-31
3.317e-31
2.139e-31
1.369e-31
8.712e-32
5.524e-32
3.494e-32
2.207e-32
1.397e-32
8.826e-33
5.573e-33
3.517e-33
2.217e-33
1.397e-33
8.83e-34
5.577e-34
3.52e-34
2.22e-34
1.4e-34
8.817e-35
6.038e-26
3.764e-26
2.36e-26
1.487e-26
9.411e-27
5.976e-27
3.805e-27
2.377e-27
1.49e-27
9.383e-28
5.936e-28
3.767e-28
2.398e-28
1.938e-28
1.923e-28
1.918e-28
1.922e-28
1.932e-28
1.947e-28
1.935e-28
1.916e-28
1.905e-28
1.9e-28
1.898e-28
1.894e-28
1.859e-28
1.803e-28
1.742e-28
1.672e-28
1.583e-28
1.462e-28
1.291e-28
1.078e-28
8.496e-29
6.307e-29
4.445e-29
3.013e-29
1.991e-29
1.296e-29
8.344e-30
5.33e-30
3.388e-30
2.146e-30
1.357e-30
8.589e-31
5.431e-31
3.43e-31
2.165e-31
1.365e-31
8.602e-32
5.436e-32
3.433e-32
2.167e-32
1.367e-32
8.617e-33
5.428e-33
3.556e-24
2.216e-24
1.39e-24
8.758e-25
5.542e-25
3.519e-25
2.241e-25
1.4e-25
8.772e-26
5.525e-26
3.495e-26
2.218e-26
1.412e-26
8.842e-27
5.538e-27
5.472e-27
5.482e-27
5.511e-27
5.556e-27
5.522e-27
5.471e-27
5.444e-27
5.437e-27
5.439e-27
5.442e-27
5.359e-27
5.213e-27
5.047e-27
4.833e-27
4.542e-27
4.151e-27
3.62e-27
2.995e-27
2.364e-27
1.776e-27
1.274e-27
8.789e-28
5.888e-28
3.871e-28
2.508e-28
1.61e-28
1.026e-28
6.511e-29
4.122e-29
2.612e-29
1.652e-29
1.044e-29
6.588e-30
4.154e-30
2.619e-30
1.655e-30
1.045e-30
6.598e-31
4.162e-31
2.623e-31
1.653e-31
1.096e-22
6.834e-23
4.285e-23
2.7e-23
1.709e-23
1.085e-23
6.91e-24
4.316e-24
2.705e-24
1.704e-24
1.078e-24
6.84e-25
4.355e-25
2.727e-25
1.708e-25
1.075e-25
8.602e-26
8.649e-26
8.721e-26
8.669e-26
8.592e-26
8.555e-26
8.55e-26
8.565e-26
8.588e-26
8.487e-26
8.298e-26
8.097e-26
7.846e-26
7.506e-26
7.04e-26
6.361e-26
5.508e-26
4.605e-26
3.689e-26
2.819e-26
2.056e-26
1.436e-26
9.683e-27
6.375e-27
4.128e-27
2.646e-27
1.684e-27
1.068e-27
6.775e-28
4.289e-28
2.711e-28
1.711e-28
1.079e-28
6.805e-29
4.301e-29
2.717e-29
1.715e-29
1.082e-29
6.819e-30
4.295e-30
2.884e-21
1.797e-21
1.127e-21
7.102e-22
4.494e-22
2.854e-22
1.817e-22
1.135e-22
7.114e-23
4.481e-23
2.834e-23
1.799e-23
1.145e-23
7.17e-24
4.491e-24
2.827e-24
1.787e-24
1.209e-24
1.219e-24
1.212e-24
1.201e-24
1.197e-24
1.197e-24
1.2e-24
1.205e-24
1.193e-24
1.171e-24
1.149e-24
1.122e-24
1.085e-24
1.033e-24
9.485e-25
8.329e-25
7.034e-25
5.673e-25
4.356e-25
3.188e-25
2.232e-25
1.51e-25
9.999e-26
6.512e-26
4.192e-26
2.677e-26
1.701e-26
1.08e-26
6.845e-27
4.329e-27
2.734e-27
1.725e-27
1.087e-27
6.873e-28
4.341e-28
2.74e-28
1.729e-28
1.09e-28
6.865e-29
4.796e-20
2.989e-20
1.874e-20
1.181e-20
7.475e-21
4.747e-21
3.022e-21
1.888e-21
1.183e-21
7.452e-22
4.714e-22
2.992e-22
1.905e-22
1.193e-22
7.469e-23
4.702e-23
2.973e-23
1.886e-23
1.2e-23
1.113e-23
1.103e-23
1.099e-23
1.1e-23
1.103e-23
1.109e-23
1.101e-23
1.083e-23
1.066e-23
1.048e-23
1.023e-23
9.871e-24
9.241e-24
8.322e-24
7.256e-24
6.078e-24
4.873e-24
3.739e-24
2.739e-24
1.925e-24
1.317e-24
8.792e-25
5.751e-25
3.706e-25
2.366e-25
1.507e-25
9.559e-26
6.051e-26
3.823e-26
2.413e-26
1.521e-26
9.618e-27
6.076e-27
3.835e-27
2.42e-27
1.525e-27
9.609e-28
4.245e-19
3.431e-19
2.738e-19
1.726e-19
1.092e-19
6.934e-20
4.415e-20
2.758e-20
1.728e-20
1.089e-20
6.886e-21
4.371e-21
2.783e-21
1.742e-21
1.091e-21
6.869e-22
4.342e-22
2.755e-22
1.754e-22
1.1e-22
9.204e-23
9.173e-23
9.18e-23
9.215e-23
9.27e-23
9.209e-23
9.076e-23
8.966e-23
8.851e-23
8.701e-23
8.479e-23
8.052e-23
7.392e-23
6.597e-23
5.667e-23
4.65e-23
3.63e-23
2.683e-23
1.885e-23
1.287e-23
8.585e-24
5.624e-24
3.633e-24
2.325e-24
1.483e-24
9.418e-25
5.966e-25
3.772e-25
2.381e-25
1.502e-25
9.497e-26
6e-26
3.788e-26
2.389e-26
1.506e-26
9.49e-27
2.18e-18
1.762e-18
1.408e-18
1.118e-18
8.838e-19
6.966e-19
4.611e-19
2.88e-19
1.805e-19
1.137e-19
7.191e-20
4.564e-20
2.906e-20
1.819e-20
1.139e-20
7.173e-21
4.535e-21
2.877e-21
1.831e-21
1.149e-21
7.193e-22
5.639e-22
5.645e-22
5.668e-22
5.706e-22
5.673e-22
5.599e-22
5.543e-22
5.49e-22
5.425e-22
5.328e-22
5.118e-22
4.774e-22
4.354e-22
3.844e-22
3.256e-22
2.631e-22
2.012e-22
1.46e-22
1.028e-22
7.056e-23
4.739e-23
3.123e-23
2.025e-23
1.3e-23
8.288e-24
5.261e-24
3.33e-24
2.103e-24
1.327e-24
8.393e-25
5.303e-25
3.348e-25
2.112e-25
1.332e-25
8.39e-26
1.048e-17
8.466e-18
6.767e-18
5.372e-18
4.246e-18
3.346e-18
2.633e-18
2.123e-18
1.694e-18
1.067e-18
6.75e-19
4.284e-19
2.727e-19
1.707e-19
1.069e-19
6.732e-20
4.256e-20
2.7e-20
1.719e-20
1.078e-20
6.75e-21
4.247e-21
3.205e-21
3.219e-21
3.242e-21
3.225e-21
3.187e-21
3.16e-21
3.137e-21
3.112e-21
3.074e-21
2.979e-21
2.814e-21
2.612e-21
2.358e-21
2.051e-21
1.705e-21
1.337e-21
9.862e-22
7.002e-22
4.818e-22
3.233e-22
2.128e-22
1.379e-22
8.843e-23
5.643e-23
3.585e-23
2.271e-23
1.435e-23
9.061e-24
5.731e-24
3.622e-24
2.287e-24
1.443e-24
9.096e-25
5.731e-25
4.247e-17
3.431e-17
2.742e-17
2.176e-17
1.719e-17
1.355e-17
1.066e-17
8.596e-18
6.877e-18
5.463e-18
4.319e-18
3.123e-18
1.988e-18
1.244e-18
7.794e-19
4.906e-19
3.102e-19
1.968e-19
1.253e-19
7.86e-20
4.92e-20
3.095e-20
1.956e-20
1.455e-20
1.466e-20
1.459e-20
1.443e-20
1.432e-20
1.425e-20
1.417e-20
1.406e-20
1.372e-20
1.309e-20
1.232e-20
1.134e-20
1.011e-20
8.648e-21
6.991e-21
5.309e-21
3.872e-21
2.731e-21
1.876e-21
1.261e-21
8.314e-22
5.397e-22
3.474e-22
2.219e-22
1.41e-22
8.923e-23
5.637e-23
3.567e-23
2.255e-23
1.424e-23
8.984e-24
5.664e-24
3.569e-24
1.63e-16
1.316e-16
1.051e-16
8.338e-17
6.587e-17
5.189e-17
4.082e-17
3.291e-17
2.632e-17
2.091e-17
1.653e-17
1.303e-17
1.025e-17
8.246e-18
5.199e-18
3.273e-18
2.069e-18
1.313e-18
8.354e-19
5.243e-19
3.281e-19
2.064e-19
1.305e-19
8.276e-20
6.201e-20
6.174e-20
6.108e-20
6.069e-20
6.046e-20
6.028e-20
6.002e-20
5.885e-20
5.66e-20
5.388e-20
5.039e-20
4.586e-20
4.022e-20
3.342e-20
2.606e-20
1.942e-20
1.389e-20
9.614e-21
6.48e-21
4.27e-21
2.761e-21
1.774e-21
1.133e-21
7.203e-22
4.562e-22
2.883e-22
1.825e-22
1.154e-22
7.287e-23
4.599e-23
2.9e-23
1.827e-23
5.493e-16
4.43e-16
3.536e-16
2.803e-16
2.213e-16
1.742e-16
1.37e-16
1.104e-16
8.831e-17
7.012e-17
5.543e-17
4.37e-17
3.438e-17
2.765e-17
2.214e-17
1.76e-17
1.136e-17
7.206e-18
4.586e-18
2.878e-18
1.801e-18
1.133e-18
7.161e-19
4.542e-19
2.89e-19
2.194e-19
2.171e-19
2.159e-19
2.153e-19
2.15e-19
2.146e-19
2.113e-19
2.045e-19
1.964e-19
1.861e-19
1.723e-19
1.546e-19
1.319e-19
1.057e-19
8.096e-20
5.934e-20
4.195e-20
2.882e-20
1.931e-20
1.265e-20
8.216e-21
5.296e-21
3.388e-21
2.153e-21
1.363e-21
8.636e-22
5.462e-22
3.451e-22
2.178e-22
1.373e-22
8.654e-23
1.779e-15
1.431e-15
1.14e-15
9.017e-16
7.108e-16
5.59e-16
4.392e-16
3.537e-16
2.827e-16
2.244e-16
1.773e-16
1.397e-16
1.099e-16
8.838e-17
7.077e-17
5.625e-17
4.449e-17
3.508e-17
2.337e-17
1.467e-17
9.178e-18
5.774e-18
3.649e-18
2.314e-18
1.472e-18
9.261e-19
7.3e-19
7.261e-19
7.247e-19
7.247e-19
7.249e-19
7.159e-19
6.959e-19
6.734e-19
6.445e-19
6.057e-19
5.539e-19
4.838e-19
3.982e-19
3.129e-19
2.346e-19
1.687e-19
1.172e-19
7.888e-20
5.158e-20
3.343e-20
2.152e-20
1.376e-20
8.749e-21
5.542e-21
3.511e-21
2.221e-21
1.404e-21
8.86e-22
5.588e-22
3.521e-22
5.222e-15
4.187e-15
3.323e-15
2.622e-15
2.062e-15
1.619e-15
1.27e-15
1.022e-15
8.164e-16
6.476e-16
5.114e-16
4.029e-16
3.168e-16
2.547e-16
2.039e-16
1.62e-16
1.281e-16
1.01e-16
7.951e-17
6.376e-17
4.013e-17
2.524e-17
1.595e-17
1.012e-17
6.436e-18
4.048e-18
2.141e-18
2.131e-18
2.128e-18
2.13e-18
2.134e-18
2.112e-18
2.061e-18
2.006e-18
1.936e-18
1.841e-18
1.711e-18
1.527e-18
1.288e-18
1.039e-18
7.989e-19
5.876e-19
4.16e-19
2.846e-19
1.884e-19
1.235e-19
8.024e-20
5.174e-20
3.31e-20
2.105e-20
1.335e-20
8.456e-21
5.346e-21
3.375e-21
2.129e-21
1.342e-21
1.507e-14
1.199e-14
9.45e-15
7.411e-15
5.8e-15
4.536e-15
3.548e-15
2.85e-15
2.272e-15
1.799e-15
1.419e-15
1.117e-15
8.775e-16
7.05e-16
5.642e-16
4.481e-16
3.543e-16
2.793e-16
2.198e-16
1.762e-16
1.412e-16
1.037e-16
6.551e-17
4.154e-17
2.642e-17
1.662e-17
1.039e-17
5.965e-18
5.96e-18
5.97e-18
5.988e-18
5.939e-18
5.812e-18
5.68e-18
5.52e-18
5.302e-18
4.996e-18
4.539e-18
3.914e-18
3.237e-18
2.552e-18
1.919e-18
1.383e-18
9.57e-19
6.364e-19
4.175e-19
2.712e-19
1.747e-19
1.118e-19
7.106e-20
4.508e-20
2.855e-20
1.806e-20
1.14e-20
7.193e-21
4.533e-21
4.074e-14
3.207e-14
2.5e-14
1.944e-14
1.511e-14
1.175e-14
9.154e-15
7.331e-15
5.83e-15
4.607e-15
3.628e-15
2.851e-15
2.238e-15
1.797e-15
1.437e-15
1.141e-15
9.015e-16
7.104e-16
5.588e-16
4.48e-16
3.591e-16
2.856e-16
2.259e-16
1.528e-16
9.597e-17
6.035e-17
3.774e-17
2.373e-17
1.498e-17
1.501e-17
1.507e-17
1.497e-17
1.468e-17
1.44e-17
1.407e-17
1.362e-17
1.299e-17
1.198e-17
1.054e-17
8.922e-18
7.211e-18
5.554e-18
4.086e-18
2.877e-18
1.939e-18
1.286e-18
8.432e-19
5.479e-19
3.531e-19
2.257e-19
1.436e-19
9.108e-20
5.765e-20
3.642e-20
2.298e-20
1.449e-20
1.126e-13
8.686e-14
6.642e-14
5.079e-14
3.895e-14
2.997e-14
2.315e-14
1.844e-14
1.459e-14
1.148e-14
9.008e-15
7.061e-15
5.53e-15
4.434e-15
3.541e-15
2.808e-15
2.217e-15
1.746e-15
1.373e-15
1.1e-15
8.815e-16
7.009e-16
5.544e-16
4.372e-16
3.441e-16
2.118e-16
1.3e-16
8.17e-17
5.16e-17
3.627e-17
3.644e-17
3.624e-17
3.56e-17
3.502e-17
3.436e-17
3.349e-17
3.222e-17
3.013e-17
2.697e-17
2.332e-17
1.93e-17
1.521e-17
1.143e-17
8.188e-18
5.577e-18
3.72e-18
2.446e-18
1.59e-18
1.025e-18
6.549e-19
4.162e-19
2.64e-19
1.672e-19
1.056e-19
6.667e-20
4.203e-20
3.019e-13
2.27e-13
1.693e-13
1.266e-13
9.54e-14
7.237e-14
5.527e-14
4.37e-14
3.434e-14
2.686e-14
2.098e-14
1.639e-14
1.28e-14
1.024e-14
8.166e-15
6.467e-15
5.1e-15
4.012e-15
3.153e-15
2.525e-15
2.022e-15
1.607e-15
1.271e-15
1.002e-15
7.886e-16
6.305e-16
5.06e-16
2.546e-16
1.608e-16
8.033e-17
8.073e-17
8.035e-17
7.906e-17
7.794e-17
7.674e-17
7.518e-17
7.291e-17
6.893e-17
6.264e-17
5.52e-17
4.671e-17
3.771e-17
2.898e-17
2.116e-17
1.463e-17
9.878e-18
6.556e-18
4.299e-18
2.791e-18
1.795e-18
1.145e-18
7.28e-19
4.616e-19
2.92e-19
1.844e-19
1.163e-19
8.68e-13
6.262e-13
4.501e-13
3.257e-13
2.384e-13
1.766e-13
1.323e-13
1.032e-13
8.014e-14
6.206e-14
4.807e-14
3.729e-14
2.897e-14
2.31e-14
1.837e-14
1.451e-14
1.142e-14
8.966e-15
7.036e-15
5.63e-15
4.506e-15
3.579e-15
2.829e-15
2.229e-15
1.754e-15
1.402e-15
1.125e-15
8.949e-16
5.727e-16
3.034e-16
1.729e-16
1.721e-16
1.696e-16
1.675e-16
1.653e-16
1.627e-16
1.588e-16
1.515e-16
1.395e-16
1.25e-16
1.08e-16
8.913e-17
7.004e-17
5.217e-17
3.664e-17
2.499e-17
1.669e-17
1.098e-17
7.137e-18
4.592e-18
2.924e-18
1.859e-18
1.179e-18
7.462e-19
4.713e-19
2.972e-19
2.411e-12
1.662e-12
1.158e-12
8.146e-13
5.796e-13
4.181e-13
3.061e-13
2.348e-13
1.794e-13
1.371e-13
1.05e-13
8.078e-14
6.235e-14
4.949e-14
3.919e-14
3.084e-14
2.421e-14
1.897e-14
1.486e-14
1.188e-14
9.498e-15
7.538e-15
5.953e-15
4.689e-15
3.687e-15
2.947e-15
2.364e-15
1.88e-15
1.488e-15
1.174e-15
5.943e-16
3.435e-16
3.386e-16
3.348e-16
3.313e-16
3.271e-16
3.209e-16
3.086e-16
2.873e-16
2.613e-16
2.299e-16
1.939e-16
1.558e-16
1.185e-16
8.471e-17
5.86e-17
3.956e-17
2.625e-17
1.719e-17
1.113e-17
7.115e-18
4.539e-18
2.886e-18
1.829e-18
1.156e-18
7.293e-19
7.24e-12
4.768e-12
3.182e-12
2.155e-12
1.48e-12
1.032e-12
7.312e-13
5.466e-13
4.076e-13
3.049e-13
2.296e-13
1.741e-13
1.329e-13
1.047e-13
8.234e-14
6.444e-14
5.034e-14
3.931e-14
3.07e-14
2.449e-14
1.955e-14
1.549e-14
1.222e-14
9.616e-15
7.556e-15
6.035e-15
4.839e-15
3.848e-15
3.045e-15
2.401e-15
1.89e-15
6.655e-16
6.565e-16
6.498e-16
6.441e-16
6.376e-16
6.283e-16
6.081e-16
5.714e-16
5.265e-16
4.71e-16
4.052e-16
3.327e-16
2.584e-16
1.881e-16
1.32e-16
8.997e-17
6.005e-17
3.947e-17
2.56e-17
1.635e-17
1.042e-17
6.629e-18
4.202e-18
2.657e-18
1.677e-18
1.999e-11
1.287e-11
8.344e-12
5.478e-12
3.653e-12
2.478e-12
1.709e-12
1.242e-12
9.028e-13
6.598e-13
4.867e-13
3.629e-13
2.732e-13
2.132e-13
1.662e-13
1.291e-13
1.003e-13
7.795e-14
6.066e-14
4.827e-14
3.845e-14
3.041e-14
2.396e-14
1.883e-14
1.478e-14
1.18e-14
9.457e-15
7.517e-15
5.945e-15
4.687e-15
3.688e-15
2.939e-15
1.2e-15
1.189e-15
1.18e-15
1.171e-15
1.158e-15
1.126e-15
1.067e-15
9.939e-16
9.024e-16
7.907e-16
6.626e-16
5.255e-16
3.901e-16
2.782e-16
1.921e-16
1.294e-16
8.576e-17
5.598e-17
3.589e-17
2.297e-17
1.465e-17
9.305e-18
5.89e-18
3.72e-18
5.645e-11
3.592e-11
2.294e-11
1.476e-11
9.604e-12
6.331e-12
4.233e-12
2.943e-12
2.068e-12
1.467e-12
1.053e-12
7.665e-13
5.654e-13
4.347e-13
3.345e-13
2.57e-13
1.977e-13
1.526e-13
1.18e-13
9.356e-14
7.427e-14
5.857e-14
4.603e-14
3.611e-14
2.831e-14
2.257e-14
1.807e-14
1.436e-14
1.135e-14
8.942e-15
7.034e-15
5.604e-15
4.501e-15
2.121e-15
2.107e-15
2.094e-15
2.076e-15
2.029e-15
1.934e-15
1.819e-15
1.673e-15
1.491e-15
1.274e-15
1.031e-15
7.804e-16
5.659e-16
3.958e-16
2.692e-16
1.794e-16
1.175e-16
7.534e-17
4.821e-17
3.075e-17
1.954e-17
1.238e-17
7.817e-18
1.451e-10
9.191e-11
5.827e-11
3.711e-11
2.381e-11
1.541e-11
1.008e-11
6.751e-12
4.595e-12
3.176e-12
2.227e-12
1.585e-12
1.144e-12
8.645e-13
6.548e-13
4.962e-13
3.776e-13
2.887e-13
2.218e-13
1.75e-13
1.383e-13
1.087e-13
8.516e-14
6.665e-14
5.216e-14
4.154e-14
3.323e-14
2.637e-14
2.083e-14
1.64e-14
1.29e-14
1.027e-14
8.248e-15
6.566e-15
3.582e-15
3.564e-15
3.542e-15
3.474e-15
3.33e-15
3.157e-15
2.937e-15
2.655e-15
2.31e-15
1.908e-15
1.473e-15
1.087e-15
7.717e-16
5.309e-16
3.568e-16
2.353e-16
1.516e-16
9.735e-17
6.229e-17
3.969e-17
2.518e-17
1.592e-17
3.753e-10
2.37e-10
1.496e-10
9.476e-11
6.029e-11
3.86e-11
2.49e-11
1.624e-11
1.071e-11
7.175e-12
4.883e-12
3.377e-12
2.372e-12
1.748e-12
1.295e-12
9.631e-13
7.212e-13
5.443e-13
4.139e-13
3.24e-13
2.545e-13
1.989e-13
1.552e-13
1.21e-13
9.446e-14
7.508e-14
5.996e-14
4.752e-14
3.749e-14
2.95e-14
2.318e-14
1.845e-14
1.481e-14
1.179e-14
5.956e-15
5.933e-15
5.906e-15
5.81e-15
5.593e-15
5.34e-15
5.015e-15
4.594e-15
4.063e-15
3.419e-15
2.692e-15
2.024e-15
1.459e-15
1.015e-15
6.879e-16
4.56e-16
2.943e-16
1.891e-16
1.211e-16
7.718e-17
4.899e-17
3.099e-17
8.904e-10
5.618e-10
3.541e-10
2.237e-10
1.418e-10
9.026e-11
5.778e-11
3.713e-11
2.401e-11
1.57e-11
1.042e-11
7.034e-12
4.828e-12
3.466e-12
2.511e-12
1.831e-12
1.347e-12
1.002e-12
7.524e-13
5.84e-13
4.552e-13
3.535e-13
2.743e-13
2.13e-13
1.657e-13
1.314e-13
1.048e-13
8.288e-14
6.53e-14
5.133e-14
4.03e-14
3.206e-14
2.572e-14
2.046e-14
1.619e-14
9.475e-15
9.446e-15
9.313e-15
8.999e-15
8.641e-15
8.184e-15
7.584e-15
6.808e-15
5.832e-15
4.68e-15
3.585e-15
2.626e-15
1.852e-15
1.268e-15
8.471e-16
5.494e-16
3.545e-16
2.277e-16
1.456e-16
9.261e-17
5.866e-17
2.115e-09
1.333e-09
8.396e-10
5.294e-10
3.348e-10
2.124e-10
1.353e-10
8.62e-11
5.506e-11
3.544e-11
2.307e-11
1.522e-11
1.019e-11
7.064e-12
4.972e-12
3.536e-12
2.546e-12
1.856e-12
1.372e-12
1.051e-12
8.105e-13
6.236e-13
4.803e-13
3.708e-13
2.87e-13
2.268e-13
1.803e-13
1.423e-13
1.119e-13
8.784e-14
6.888e-14
5.474e-14
4.39e-14
3.49e-14
2.76e-14
2.175e-14
1.482e-14
1.463e-14
1.418e-14
1.368e-14
1.305e-14
1.222e-14
1.111e-14
9.68e-15
7.912e-15
6.173e-15
4.599e-15
3.288e-15
2.275e-15
1.53e-15
9.961e-16
6.44e-16
4.14e-16
2.649e-16
1.686e-16
1.069e-16
4.663e-09
2.939e-09
1.85e-09
1.166e-09
7.364e-10
4.666e-10
2.966e-10
1.881e-10
1.194e-10
7.616e-11
4.897e-11
3.18e-11
2.09e-11
1.406e-11
9.627e-12
6.695e-12
4.724e-12
3.381e-12
2.455e-12
1.855e-12
1.413e-12
1.075e-12
8.209e-13
6.293e-13
4.844e-13
3.813e-13
3.021e-13
2.378e-13
1.866e-13
1.461e-13
1.144e-13
9.086e-14
7.28e-14
5.783e-14
4.571e-14
3.602e-14
2.244e-14
2.219e-14
2.156e-14
2.088e-14
2.004e-14
1.892e-14
1.742e-14
1.54e-14
1.281e-14
1.018e-14
7.719e-15
5.602e-15
3.921e-15
2.662e-15
1.743e-15
1.132e-15
7.305e-16
4.688e-16
2.992e-16
1.899e-16
1.027e-08
6.469e-09
4.071e-09
2.564e-09
1.619e-09
1.025e-09
6.503e-10
4.114e-10
2.601e-10
1.649e-10
1.052e-10
6.757e-11
4.381e-11
2.879e-11
1.919e-11
1.3e-11
8.95e-12
6.261e-12
4.451e-12
3.299e-12
2.471e-12
1.854e-12
1.399e-12
1.062e-12
8.111e-13
6.35e-13
5.008e-13
3.926e-13
3.07e-13
2.399e-13
1.875e-13
1.486e-13
1.189e-13
9.439e-14
7.454e-14
5.87e-14
4.614e-14
3.309e-14
3.22e-14
3.129e-14
3.018e-14
2.871e-14
2.672e-14
2.395e-14
2.025e-14
1.638e-14
1.264e-14
9.311e-15
6.598e-15
4.519e-15
2.975e-15
1.938e-15
1.253e-15
8.051e-16
5.142e-16
3.267e-16
2.121e-08
1.336e-08
8.408e-09
5.296e-09
3.342e-09
2.114e-09
1.341e-09
8.473e-10
5.346e-10
3.381e-10
2.147e-10
1.371e-10
8.81e-11
5.705e-11
3.727e-11
2.47e-11
1.664e-11
1.14e-11
7.95e-12
5.775e-12
4.25e-12
3.141e-12
2.339e-12
1.757e-12
1.33e-12
1.035e-12
8.118e-13
6.335e-13
4.936e-13
3.845e-13
2.998e-13
2.373e-13
1.896e-13
1.503e-13
1.186e-13
9.333e-14
7.331e-14
4.788e-14
4.666e-14
4.545e-14
4.402e-14
4.216e-14
3.959e-14
3.593e-14
3.085e-14
2.539e-14
1.993e-14
1.492e-14
1.071e-14
7.416e-15
4.918e-15
3.221e-15
2.091e-15
1.348e-15
8.633e-16
5.494e-16
4.369e-08
2.753e-08
1.732e-08
1.091e-08
6.881e-09
4.352e-09
2.759e-09
1.742e-09
1.098e-09
6.928e-10
4.386e-10
2.789e-10
1.782e-10
1.143e-10
7.361e-11
4.793e-11
3.165e-11
2.124e-11
1.449e-11
1.026e-11
7.382e-12
5.356e-12
3.925e-12
2.908e-12
2.177e-12
1.679e-12
1.307e-12
1.014e-12
7.86e-13
6.099e-13
4.74e-13
3.743e-13
2.986e-13
2.363e-13
1.862e-13
1.464e-13
1.149e-13
9.111e-14
6.662e-14
6.501e-14
6.318e-14
6.083e-14
5.759e-14
5.285e-14
4.601e-14
3.849e-14
3.073e-14
2.339e-14
1.703e-14
1.191e-14
7.957e-15
5.235e-15
3.408e-15
2.201e-15
1.411e-15
8.989e-16
8.521e-08
5.369e-08
3.378e-08
2.127e-08
1.342e-08
8.486e-09
5.378e-09
3.394e-09
2.137e-09
1.348e-09
8.521e-10
5.405e-10
3.444e-10
2.195e-10
1.402e-10
9.027e-11
5.874e-11
3.874e-11
2.595e-11
1.792e-11
1.262e-11
8.996e-12
6.489e-12
4.741e-12
3.506e-12
2.678e-12
2.068e-12
1.593e-12
1.228e-12
9.482e-13
7.343e-13
5.783e-13
4.604e-13
3.637e-13
2.862e-13
2.247e-13
1.762e-13
1.396e-13
9.268e-14
9.057e-14
8.827e-14
8.537e-14
8.139e-14
7.542e-14
6.652e-14
5.651e-14
4.588e-14
3.549e-14
2.622e-14
1.856e-14
1.25e-14
8.28e-15
5.416e-15
3.51e-15
2.257e-15
1.441e-15
1.656e-07
1.043e-07
6.563e-08
4.132e-08
2.607e-08
1.648e-08
1.045e-08
6.59e-09
4.148e-09
2.614e-09
1.651e-09
1.046e-09
6.648e-10
4.221e-10
2.681e-10
1.712e-10
1.102e-10
7.169e-11
4.726e-11
3.187e-11
2.19e-11
1.528e-11
1.082e-11
7.772e-12
5.662e-12
4.27e-12
3.264e-12
2.491e-12
1.906e-12
1.463e-12
1.128e-12
8.851e-13
7.027e-13
5.538e-13
4.349e-13
3.409e-13
2.67e-13
2.114e-13
1.696e-13
1.245e-13
1.216e-13
1.181e-13
1.132e-13
1.058e-13
9.442e-14
8.137e-14
6.714e-14
5.279e-14
3.958e-14
2.837e-14
1.928e-14
1.284e-14
8.432e-15
5.479e-15
3.529e-15
2.256e-15
3.068e-07
1.933e-07
1.216e-07
7.658e-08
4.831e-08
3.055e-08
1.936e-08
1.221e-08
7.684e-09
4.84e-09
3.056e-09
1.934e-09
1.228e-09
7.78e-10
4.925e-10
3.129e-10
2.001e-10
1.29e-10
8.403e-11
5.562e-11
3.74e-11
2.558e-11
1.78e-11
1.258e-11
9.031e-12
6.721e-12
5.078e-12
3.837e-12
2.912e-12
2.221e-12
1.703e-12
1.331e-12
1.054e-12
8.281e-13
6.488e-13
5.077e-13
3.971e-13
3.141e-13
2.518e-13
1.675e-13
1.638e-13
1.595e-13
1.537e-13
1.448e-13
1.305e-13
1.14e-13
9.549e-14
7.63e-14
5.809e-14
4.218e-14
2.896e-14
1.943e-14
1.283e-14
8.37e-15
5.409e-15
3.466e-15
5.662e-07
3.568e-07
2.244e-07
1.413e-07
8.914e-08
5.636e-08
3.571e-08
2.252e-08
1.417e-08
8.926e-09
5.633e-09
3.563e-09
2.26e-09
1.43e-09
9.033e-10
5.719e-10
3.639e-10
2.33e-10
1.504e-10
9.814e-11
6.478e-11
4.344e-11
2.964e-11
2.057e-11
1.452e-11
1.062e-11
7.91e-12
5.906e-12
4.437e-12
3.356e-12
2.556e-12
1.988e-12
1.567e-12
1.227e-12
9.589e-13
7.487e-13
5.845e-13
4.618e-13
3.698e-13
2.936e-13
2.181e-13
2.128e-13
2.06e-13
1.952e-13
1.776e-13
1.57e-13
1.335e-13
1.083e-13
8.374e-14
6.162e-14
4.275e-14
2.89e-14
1.918e-14
1.255e-14
8.13e-15
5.218e-15
1.003e-06
6.318e-07
3.974e-07
2.502e-07
1.579e-07
9.981e-08
6.324e-08
3.988e-08
2.51e-08
1.58e-08
9.97e-09
6.305e-09
3.998e-09
2.527e-09
1.594e-09
1.007e-09
6.391e-10
4.075e-10
2.615e-10
1.69e-10
1.1e-10
7.26e-11
4.868e-11
3.322e-11
2.307e-11
1.66e-11
1.217e-11
8.978e-12
6.674e-12
5.003e-12
3.783e-12
2.926e-12
2.296e-12
1.791e-12
1.395e-12
1.086e-12
8.466e-13
6.678e-13
5.342e-13
4.237e-13
2.847e-13
2.783e-13
2.703e-13
2.576e-13
2.363e-13
2.111e-13
1.82e-13
1.5e-13
1.177e-13
8.784e-14
6.163e-14
4.203e-14
2.807e-14
1.846e-14
1.2e-14
7.721e-15
1.768e-06
1.114e-06
7.006e-07
4.411e-07
2.782e-07
1.759e-07
1.115e-07
7.03e-08
4.423e-08
2.785e-08
1.757e-08
1.111e-08
7.04e-09
4.448e-09
2.803e-09
1.769e-09
1.12e-09
7.119e-10
4.548e-10
2.918e-10
1.88e-10
1.224e-10
8.084e-11
5.426e-11
3.705e-11
2.613e-11
1.882e-11
1.368e-11
1.004e-11
7.448e-12
5.58e-12
4.287e-12
3.344e-12
2.596e-12
2.014e-12
1.564e-12
1.215e-12
9.569e-13
7.644e-13
6.055e-13
4.774e-13
3.602e-13
3.507e-13
3.358e-13
3.101e-13
2.799e-13
2.443e-13
2.043e-13
1.628e-13
1.232e-13
8.747e-14
6.018e-14
4.044e-14
2.671e-14
1.741e-14
1.123e-14
3.005e-06
1.894e-06
1.191e-06
7.5e-07
4.731e-07
2.991e-07
1.895e-07
1.195e-07
7.52e-08
4.734e-08
2.986e-08
1.888e-08
1.196e-08
7.557e-09
4.76e-09
3.001e-09
1.898e-09
1.204e-09
7.673e-10
4.899e-10
3.135e-10
2.022e-10
1.32e-10
8.735e-11
5.875e-11
4.066e-11
2.878e-11
2.061e-11
1.494e-11
1.096e-11
8.139e-12
6.205e-12
4.81e-12
3.715e-12
2.869e-12
2.22e-12
1.721e-12
1.352e-12
1.078e-12
8.528e-13
6.716e-13
4.582e-13
4.47e-13
4.297e-13
3.993e-13
3.636e-13
3.21e-13
2.722e-13
2.202e-13
1.69e-13
1.215e-13
8.442e-14
5.714e-14
3.795e-14
2.484e-14
1.606e-14
5.085e-06
3.205e-06
2.016e-06
1.269e-06
8.006e-07
5.061e-07
3.207e-07
2.022e-07
1.272e-07
8.01e-08
5.052e-08
3.194e-08
2.024e-08
1.278e-08
8.046e-09
5.07e-09
3.203e-09
2.029e-09
1.291e-09
8.213e-10
5.228e-10
3.348e-10
2.164e-10
1.415e-10
9.394e-11
6.383e-11
4.43e-11
3.121e-11
2.231e-11
1.616e-11
1.186e-11
8.962e-12
6.894e-12
5.289e-12
4.064e-12
3.13e-12
2.418e-12
1.895e-12
1.508e-12
1.191e-12
9.367e-13
7.349e-13
5.646e-13
5.442e-13
5.084e-13
4.665e-13
4.163e-13
3.576e-13
2.934e-13
2.285e-13
1.663e-13
1.167e-13
7.962e-14
5.315e-14
3.491e-14
2.264e-14
8.333e-06
5.253e-06
3.305e-06
2.081e-06
1.312e-06
8.297e-07
5.257e-07
3.315e-07
2.086e-07
1.313e-07
8.282e-08
5.235e-08
3.317e-08
2.094e-08
1.318e-08
8.304e-09
5.243e-09
3.319e-09
2.108e-09
1.339e-09
8.494e-10
5.413e-10
3.475e-10
2.254e-10
1.479e-10
9.897e-11
6.748e-11
4.678e-11
3.297e-11
2.36e-11
1.713e-11
1.282e-11
9.775e-12
7.448e-12
5.689e-12
4.362e-12
3.357e-12
2.624e-12
2.084e-12
1.642e-12
1.29e-12
1.011e-12
7.022e-13
6.785e-13
6.365e-13
5.882e-13
5.299e-13
4.608e-13
3.834e-13
3.028e-13
2.233e-13
1.585e-13
1.09e-13
7.321e-14
4.831e-14
3.143e-14
1.36e-05
8.574e-06
5.393e-06
3.395e-06
2.141e-06
1.354e-06
8.576e-07
5.408e-07
3.402e-07
2.142e-07
1.351e-07
8.539e-08
5.41e-08
3.415e-08
2.149e-08
1.354e-08
8.542e-09
5.405e-09
3.43e-09
2.175e-09
1.376e-09
8.737e-10
5.581e-10
3.593e-10
2.338e-10
1.543e-10
1.035e-10
7.058e-11
4.899e-11
3.457e-11
2.479e-11
1.833e-11
1.384e-11
1.046e-11
7.933e-12
6.049e-12
4.634e-12
3.61e-12
2.859e-12
2.248e-12
1.762e-12
1.379e-12
1.079e-12
8.387e-13
7.895e-13
7.338e-13
6.668e-13
5.864e-13
4.944e-13
3.96e-13
2.959e-13
2.123e-13
1.473e-13
9.955e-14
6.597e-14
4.306e-14
2.154e-05
1.36e-05
8.554e-06
5.384e-06
3.396e-06
2.147e-06
1.36e-06
8.579e-07
5.397e-07
3.398e-07
2.143e-07
1.354e-07
8.58e-08
5.416e-08
3.408e-08
2.146e-08
1.354e-08
8.565e-09
5.432e-09
3.44e-09
2.174e-09
1.377e-09
8.763e-10
5.615e-10
3.629e-10
2.371e-10
1.569e-10
1.054e-10
7.211e-11
5.021e-11
3.556e-11
2.598e-11
1.941e-11
1.454e-11
1.095e-11
8.302e-12
6.331e-12
4.913e-12
3.88e-12
3.043e-12
2.38e-12
1.859e-12
1.453e-12
1.246e-12
9.653e-13
9.017e-13
8.257e-13
7.336e-13
6.264e-13
5.086e-13
3.851e-13
2.796e-13
1.958e-13
1.333e-13
8.88e-14
5.818e-14
3.405e-05
2.151e-05
1.353e-05
8.509e-06
5.364e-06
3.39e-06
2.147e-06
1.354e-06
8.519e-07
5.363e-07
3.382e-07
2.138e-07
1.354e-07
8.548e-08
5.379e-08
3.387e-08
2.136e-08
1.351e-08
8.563e-09
5.419e-09
3.42e-09
2.162e-09
1.372e-09
8.76e-10
5.631e-10
3.649e-10
2.386e-10
1.582e-10
1.067e-10
7.327e-11
5.12e-11
3.69e-11
2.723e-11
2.019e-11
1.508e-11
1.136e-11
8.61e-12
6.652e-12
5.235e-12
4.094e-12
3.194e-12
2.49e-12
1.95e-12
1.71e-12
1.171e-12
1.098e-12
1.013e-12
9.081e-13
7.844e-13
6.455e-13
4.952e-13
3.638e-13
2.572e-13
1.764e-13
1.181e-13
7.768e-14
5.232e-05
3.313e-05
2.083e-05
1.31e-05
8.255e-06
5.216e-06
3.304e-06
2.085e-06
1.312e-06
8.257e-07
5.207e-07
3.291e-07
2.085e-07
1.316e-07
8.28e-08
5.213e-08
3.288e-08
2.079e-08
1.317e-08
8.333e-09
5.254e-09
3.318e-09
2.102e-09
1.338e-09
8.571e-10
5.522e-10
3.579e-10
2.348e-10
1.564e-10
1.06e-10
7.314e-11
5.199e-11
3.788e-11
2.781e-11
2.06e-11
1.54e-11
1.16e-11
8.923e-12
6.995e-12
5.453e-12
4.243e-12
3.302e-12
2.635e-12
2.318e-12
1.998e-12
1.32e-12
1.224e-12
1.108e-12
9.673e-13
8.061e-13
6.266e-13
4.66e-13
3.329e-13
2.301e-13
1.551e-13
1.024e-13
8.032e-05
5.101e-05
3.207e-05
2.014e-05
1.268e-05
8.001e-06
5.065e-06
3.197e-06
2.011e-06
1.265e-06
7.979e-07
5.042e-07
3.194e-07
2.016e-07
1.269e-07
7.986e-08
5.036e-08
3.183e-08
2.017e-08
1.275e-08
8.037e-09
5.071e-09
3.209e-09
2.038e-09
1.301e-09
8.345e-10
5.37e-10
3.49e-10
2.299e-10
1.539e-10
1.049e-10
7.348e-11
5.278e-11
3.831e-11
2.81e-11
2.083e-11
1.559e-11
1.192e-11
9.305e-12
7.226e-12
5.606e-12
4.351e-12
3.527e-12
3.111e-12
2.693e-12
2.204e-12
1.468e-12
1.338e-12
1.181e-12
9.96e-13
7.842e-13
5.903e-13
4.262e-13
2.97e-13
2.013e-13
1.336e-13
0.0001203
7.663e-05
4.815e-05
3.021e-05
1.899e-05
1.198e-05
7.581e-06
4.79e-06
3.013e-06
1.896e-06
1.196e-06
7.555e-07
4.786e-07
3.021e-07
1.901e-07
1.197e-07
7.545e-08
4.769e-08
3.022e-08
1.91e-08
1.203e-08
7.586e-09
4.796e-09
3.042e-09
1.939e-09
1.239e-09
7.931e-10
5.118e-10
3.342e-10
2.214e-10
1.491e-10
1.031e-10
7.3e-11
5.237e-11
3.805e-11
2.797e-11
2.079e-11
1.581e-11
1.227e-11
9.493e-12
7.34e-12
5.682e-12
4.672e-12
4.128e-12
3.587e-12
2.951e-12
1.74e-12
1.597e-12
1.422e-12
1.213e-12
9.672e-13
7.372e-13
5.38e-13
3.784e-13
2.582e-13
1.722e-13
0.0001795
0.0001149
7.224e-05
4.529e-05
2.843e-05
1.791e-05
1.132e-05
7.159e-06
4.502e-06
2.831e-06
1.784e-06
1.127e-06
7.138e-07
4.506e-07
2.835e-07
1.784e-07
1.125e-07
7.111e-08
4.505e-08
2.847e-08
1.793e-08
1.13e-08
7.137e-09
4.523e-09
2.877e-09
1.834e-09
1.169e-09
7.501e-10
4.861e-10
3.19e-10
2.126e-10
1.45e-10
1.012e-10
7.169e-11
5.153e-11
3.753e-11
2.767e-11
2.089e-11
1.613e-11
1.242e-11
9.566e-12
7.382e-12
6.139e-12
5.43e-12
4.733e-12
3.912e-12
3.06e-12
1.89e-12
1.697e-12
1.464e-12
1.181e-12
9.113e-13
6.725e-13
4.772e-13
3.28e-13
2.197e-13
0.0002632
0.0001688
0.0001061
6.642e-05
4.163e-05
2.618e-05
1.653e-05
1.047e-05
6.586e-06
4.14e-06
2.608e-06
1.647e-06
1.043e-06
6.587e-07
4.145e-07
2.609e-07
1.645e-07
1.039e-07
6.584e-08
4.161e-08
2.62e-08
1.65e-08
1.042e-08
6.599e-09
4.193e-09
2.667e-09
1.696e-09
1.083e-09
6.979e-10
4.547e-10
3.003e-10
2.023e-10
1.393e-10
9.747e-11
6.931e-11
5.002e-11
3.658e-11
2.743e-11
2.105e-11
1.612e-11
1.237e-11
9.515e-12
7.994e-12
7.074e-12
6.183e-12
5.131e-12
4.035e-12
2.211e-12
2.001e-12
1.743e-12
1.424e-12
1.112e-12
8.298e-13
5.946e-13
4.117e-13
2.774e-13
0.0003819
0.0002462
0.000155
9.702e-05
6.079e-05
3.82e-05
2.409e-05
1.53e-05
9.621e-06
6.043e-06
3.802e-06
2.399e-06
1.519e-06
9.591e-07
6.034e-07
3.797e-07
2.394e-07
1.513e-07
9.58e-08
6.053e-08
3.81e-08
2.4e-08
1.515e-08
9.586e-09
6.086e-09
3.866e-09
2.451e-09
1.561e-09
1.001e-09
6.477e-10
4.244e-10
2.829e-10
1.921e-10
1.328e-10
9.333e-11
6.667e-11
4.833e-11
3.594e-11
2.739e-11
2.086e-11
1.593e-11
1.221e-11
1.034e-11
9.149e-12
8.011e-12
6.673e-12
5.272e-12
3.952e-12
2.342e-12
2.06e-12
1.7e-12
1.344e-12
1.014e-12
7.34e-13
5.122e-13
3.471e-13
0.0005484
0.0003541
0.0002229
0.0001394
8.719e-05
5.468e-05
3.443e-05
2.191e-05
1.378e-05
8.646e-06
5.436e-06
3.428e-06
2.169e-06
1.371e-06
8.625e-07
5.428e-07
3.421e-07
2.162e-07
1.369e-07
8.651e-08
5.445e-08
3.429e-08
2.163e-08
1.369e-08
8.684e-09
5.51e-09
3.488e-09
2.215e-09
1.415e-09
9.116e-10
5.934e-10
3.92e-10
2.632e-10
1.797e-10
1.249e-10
8.833e-11
6.346e-11
4.681e-11
3.542e-11
2.682e-11
2.038e-11
1.556e-11
1.327e-11
1.173e-11
1.029e-11
8.596e-12
6.822e-12
5.138e-12
2.713e-12
2.406e-12
2.007e-12
1.605e-12
1.226e-12
8.959e-13
6.304e-13
4.3e-13
0.0007768
0.0005029
0.0003171
0.0001984
0.0001242
7.787e-05
4.901e-05
3.131e-05
1.971e-05
1.236e-05
7.76e-06
4.888e-06
3.089e-06
1.954e-06
1.229e-06
7.73e-07
4.87e-07
3.077e-07
1.948e-07
1.231e-07
7.747e-08
4.877e-08
3.077e-08
1.946e-08
1.234e-08
7.822e-09
4.945e-09
3.134e-09
1.996e-09
1.281e-09
8.29e-10
5.433e-10
3.608e-10
2.435e-10
1.674e-10
1.171e-10
8.335e-11
6.092e-11
4.571e-11
3.438e-11
2.599e-11
1.975e-11
1.695e-11
1.495e-11
1.312e-11
1.099e-11
8.756e-12
6.624e-12
3.122e-12
2.79e-12
2.35e-12
1.901e-12
1.468e-12
1.084e-12
7.693e-13
5.281e-13
0.001093
0.0007082
0.0004466
0.0002794
0.0001747
0.0001094
6.875e-05
4.402e-05
2.77e-05
1.735e-05
1.088e-05
6.843e-06
4.321e-06
2.736e-06
1.722e-06
1.083e-06
6.819e-07
4.307e-07
2.727e-07
1.723e-07
1.085e-07
6.827e-08
4.306e-08
2.722e-08
1.726e-08
1.093e-08
6.906e-09
4.37e-09
2.778e-09
1.776e-09
1.145e-09
7.457e-10
4.908e-10
3.279e-10
2.23e-10
1.544e-10
1.089e-10
7.883e-11
5.865e-11
4.381e-11
3.293e-11
2.491e-11
2.15e-11
1.892e-11
1.66e-11
1.394e-11
1.114e-11
8.465e-12
6.123e-12
3.204e-12
2.724e-12
2.227e-12
1.739e-12
1.298e-12
9.295e-13
6.426e-13
0.001516
0.0009833
0.0006205
0.0003884
0.000243
0.0001522
9.568e-05
6.151e-05
3.875e-05
2.427e-05
1.521e-05
9.562e-06
6.032e-06
3.826e-06
2.407e-06
1.512e-06
9.519e-07
6.008e-07
3.802e-07
2.403e-07
1.512e-07
9.517e-08
6.001e-08
3.793e-08
2.404e-08
1.522e-08
9.606e-09
6.072e-09
3.852e-09
2.457e-09
1.578e-09
1.022e-09
6.675e-10
4.418e-10
2.974e-10
2.038e-10
1.423e-10
1.02e-10
7.517e-11
5.573e-11
4.163e-11
3.134e-11
2.715e-11
2.382e-11
2.088e-11
1.755e-11
1.408e-11
1.074e-11
7.797e-12
3.655e-12
3.134e-12
2.589e-12
2.045e-12
1.542e-12
1.114e-12
7.759e-13
0.002093
0.001358
0.0008568
0.0005363
0.0003354
0.00021
0.0001319
8.494e-05
5.351e-05
3.348e-05
2.095e-05
1.315e-05
8.284e-06
5.263e-06
3.312e-06
2.079e-06
1.308e-06
8.251e-07
5.221e-07
3.301e-07
2.077e-07
1.307e-07
8.242e-08
5.209e-08
3.3e-08
2.089e-08
1.318e-08
8.322e-09
5.273e-09
3.357e-09
2.15e-09
1.386e-09
8.997e-10
5.907e-10
3.94e-10
2.675e-10
1.85e-10
1.313e-10
9.584e-11
7.051e-11
5.235e-11
3.919e-11
3.41e-11
2.98e-11
2.609e-11
2.195e-11
1.765e-11
1.351e-11
9.848e-12
6.902e-12
3.573e-12
2.98e-12
2.38e-12
1.814e-12
1.323e-12
9.284e-13
0.002849
0.001849
0.001167
0.0007309
0.0004571
0.0002863
0.0001798
0.0001161
7.328e-05
4.588e-05
2.871e-05
1.801e-05
1.134e-05
7.225e-06
4.549e-06
2.854e-06
1.794e-06
1.13e-06
7.147e-07
4.52e-07
2.844e-07
1.789e-07
1.128e-07
7.125e-08
4.513e-08
2.856e-08
1.8e-08
1.136e-08
7.191e-09
4.57e-09
2.92e-09
1.876e-09
1.211e-09
7.895e-10
5.222e-10
3.513e-10
2.406e-10
1.691e-10
1.221e-10
8.91e-11
6.569e-11
4.933e-11
4.27e-11
3.714e-11
3.244e-11
2.729e-11
2.199e-11
1.688e-11
1.235e-11
8.686e-12
4.048e-12
3.408e-12
2.75e-12
2.119e-12
1.56e-12
1.103e-12
