# For the net reaction CH4 + CO -> C2H2 + H + OH
11 9 99
T [K]
500.0 750.0 1000.0 1250.0 1500.0 1750.0 2000.0 2250.0 2500.0 2750.0 3000.0
p [bar]
1e-06 1e-05 0.0001 0.001 0.01 0.1 1.0 10.0 100.0
kf [cm6 s-1]
1.548e-49
4.155e-48
6.066e-47
6.333e-47
6.345e-47
6.297e-47
6.281e-47
6.294e-47
6.331e-47
5.263e-38
5.258e-36
6.53e-36
1.063e-36
7.327e-36
2.648e-34
2.237e-33
8.201e-34
5.493e-34
7.333e-32
2.301e-32
9.905e-31
9.735e-29
1.129e-28
1.816e-29
2.232e-28
6.618e-27
2.563e-27
2.445e-26
4.562e-27
1.129e-27
5.319e-27
5.119e-25
4.231e-24
5.536e-25
3.563e-24
5.201e-23
1.256e-21
1.306e-22
1.514e-23
2.192e-24
5.738e-24
2.224e-22
2.286e-21
6.124e-22
5.094e-21
5.108e-18
4.41e-19
4.288e-20
4.485e-21
5.188e-22
1.197e-21
4.071e-20
1.124e-19
1.226e-19
8.169e-15
3.084e-16
2.208e-17
2.016e-18
2.011e-19
2.167e-20
1.679e-19
5.125e-18
2.118e-18
1.252e-11
1.611e-13
4.548e-15
2.85e-16
2.46e-17
2.387e-18
2.829e-19
1.806e-17
2.589e-17
2.267e-06
2.17e-10
8.433e-13
2.273e-14
1.354e-15
1.143e-16
1.114e-17
5.317e-17
2.088e-16
0.001271
9.438e-06
9.409e-10
1.589e-12
4.781e-14
3.022e-15
2.64e-16
8.082e-17
1.154e-15
0.144
0.00144
6.838e-06
7.617e-10
1.448e-12
5.516e-14
3.96e-15
4.242e-16
2.739e-15
