# For the net reaction NH3 + NH3 -> N2 + H2 + H2
65 56 3640
T [K]
300.0 350.0 400.0 450.0 500.0 550.0 600.0 650.0 700.0 750.0 800.0 850.0 900.0 950.0 1000.0 1050.0 1100.0 1150.0 1200.0 1250.0 1300.0 1350.0 1400.0 1450.0 1500.0 1550.0 1600.0 1650.0 1700.0 1750.0 1800.0 1850.0 1900.0 1950.0 2000.0 2050.0 2100.0 2150.0 2200.0 2250.0 2300.0 2350.0 2400.0 2450.0 2500.0 2550.0 2600.0 2650.0 2700.0 2750.0 2800.0 2850.0 2900.0 2950.0 3000.0 3050.0 3100.0 3150.0 3200.0 3250.0 3300.0 3350.0 3400.0 3450.0 3500.0
p [bar]
1e-08 1.585e-08 2.512e-08 3.981e-08 6.31e-08 1e-07 1.585e-07 2.512e-07 3.981e-07 6.31e-07 1e-06 1.585e-06 2.512e-06 3.981e-06 6.31e-06 1e-05 1.585e-05 2.512e-05 3.981e-05 6.31e-05 0.0001 0.0001585 0.0002512 0.0003981 0.000631 0.001 0.001585 0.002512 0.003981 0.00631 0.01 0.01585 0.02512 0.03981 0.0631 0.1 0.1585 0.2512 0.3981 0.631 1.0 1.585 2.512 3.981 6.31 10.0 15.85 25.12 39.81 63.1 100.0 158.5 251.2 398.1 631.0 1000.0
kf [cm6 s-1]
4.62e-92
3.673e-92
2.95e-92
2.95e-92
2.952e-92
2.957e-92
2.963e-92
2.964e-92
2.967e-92
2.977e-92
2.995e-92
3.025e-92
3.072e-92
3.14e-92
3.251e-92
3.439e-92
3.757e-92
4.305e-92
5.276e-92
6.972e-92
9.883e-92
1.478e-91
2.284e-91
3.596e-91
5.727e-91
9.066e-91
1.424e-90
2.246e-90
3.556e-90
5.655e-90
9.039e-90
1.437e-89
2.258e-89
3.56e-89
5.635e-89
8.956e-89
1.431e-88
2.28e-88
3.582e-88
5.645e-88
8.929e-88
1.419e-87
2.265e-87
3.617e-87
5.681e-87
8.951e-87
1.415e-86
2.247e-86
3.587e-86
5.74e-86
7.568e-86
9.481e-86
1.191e-85
1.501e-85
1.899e-85
2.413e-85
1.214e-77
9.654e-78
7.672e-78
6.096e-78
4.842e-78
3.844e-78
3.052e-78
2.426e-78
1.928e-78
1.533e-78
1.218e-78
9.682e-79
7.698e-79
6.132e-79
4.894e-79
3.913e-79
3.14e-79
2.533e-79
2.061e-79
2.07e-79
2.252e-79
2.562e-79
3.094e-79
4.008e-79
5.553e-79
8.058e-79
1.201e-78
1.835e-78
2.855e-78
4.505e-78
7.176e-78
1.139e-77
1.79e-77
2.821e-77
4.464e-77
7.095e-77
1.134e-76
1.806e-76
2.837e-76
4.472e-76
7.074e-76
1.124e-75
1.795e-75
2.866e-75
4.501e-75
7.091e-75
1.121e-74
1.78e-74
2.841e-74
4.547e-74
7.139e-74
1.124e-73
1.777e-73
2.697e-73
3.412e-73
4.337e-73
1e-69
7.951e-70
6.318e-70
5.02e-70
3.987e-70
3.166e-70
2.513e-70
1.997e-70
1.587e-70
1.261e-70
1.002e-70
7.954e-71
6.314e-71
5.019e-71
3.99e-71
3.172e-71
2.521e-71
2.005e-71
1.647e-71
1.652e-71
1.658e-71
1.671e-71
1.693e-71
1.729e-71
1.788e-71
1.882e-71
2.036e-71
2.303e-71
2.77e-71
3.6e-71
5.07e-71
7.56e-71
1.156e-70
1.8e-70
2.834e-70
4.495e-70
7.177e-70
1.143e-69
1.795e-69
2.829e-69
4.476e-69
7.111e-69
1.135e-68
1.813e-68
2.848e-68
4.486e-68
7.094e-68
1.126e-67
1.798e-67
2.877e-67
4.517e-67
7.114e-67
1.1e-66
1.386e-66
1.753e-66
2.228e-66
2.229e-61
1.772e-61
1.408e-61
1.118e-61
8.883e-62
7.053e-62
5.598e-62
4.449e-62
3.536e-62
2.809e-62
2.231e-62
1.772e-62
1.406e-62
1.118e-62
8.884e-63
7.059e-63
5.608e-63
4.455e-63
3.538e-63
2.813e-63
2.239e-63
1.783e-63
1.421e-63
1.135e-63
9.084e-64
7.315e-64
5.942e-64
4.884e-64
4.254e-64
4.694e-64
5.447e-64
6.744e-64
8.964e-64
1.271e-63
1.891e-63
2.911e-63
4.582e-63
7.254e-63
1.137e-62
1.791e-62
2.831e-62
4.498e-62
7.181e-62
1.147e-61
1.801e-61
2.837e-61
4.487e-61
7.124e-61
1.137e-60
1.819e-60
2.857e-60
4.499e-60
7.111e-60
1.129e-59
1.8e-59
2.405e-59
2.617e-56
2.08e-56
1.653e-56
1.313e-56
1.043e-56
8.282e-57
6.574e-57
5.224e-57
4.152e-57
3.298e-57
2.619e-57
2.08e-57
1.651e-57
1.312e-57
1.043e-57
8.284e-58
6.58e-58
5.225e-58
4.148e-58
3.296e-58
2.621e-58
2.083e-58
1.656e-58
1.316e-58
1.047e-58
8.337e-59
6.655e-59
5.325e-59
5.005e-59
5.095e-59
5.24e-59
5.469e-59
5.843e-59
6.483e-59
7.596e-59
9.568e-59
1.308e-58
2.058e-58
3.329e-58
5.247e-58
7.955e-58
1.159e-57
1.779e-57
2.839e-57
4.459e-57
7.024e-57
1.111e-56
1.764e-56
2.814e-56
4.504e-56
7.072e-56
1.114e-55
1.76e-55
2.794e-55
4.416e-55
5.613e-55
6.524e-51
5.186e-51
4.121e-51
3.274e-51
2.6e-51
2.065e-51
1.639e-51
1.303e-51
1.035e-51
8.224e-52
6.532e-52
5.186e-52
4.116e-52
3.271e-52
2.599e-52
2.065e-52
1.64e-52
1.302e-52
1.034e-52
8.215e-53
6.53e-53
5.189e-53
4.123e-53
3.275e-53
2.602e-53
2.069e-53
1.647e-53
1.313e-53
1.047e-53
8.374e-54
6.721e-54
5.431e-54
4.438e-54
3.683e-54
4.595e-54
6.011e-54
8.056e-54
1.115e-53
1.578e-53
2.25e-53
3.18e-53
4.416e-53
6.015e-53
8.025e-53
1.035e-52
1.608e-52
2.543e-52
4.037e-52
6.442e-52
1.031e-51
1.619e-51
2.549e-51
4.029e-51
6.395e-51
1.02e-50
1.636e-50
2.362e-47
1.878e-47
1.492e-47
1.186e-47
9.417e-48
7.477e-48
5.934e-48
4.717e-48
3.748e-48
2.978e-48
2.365e-48
1.878e-48
1.491e-48
1.185e-48
9.415e-49
7.48e-49
5.941e-49
4.717e-49
3.744e-49
2.975e-49
2.364e-49
1.879e-49
1.492e-49
1.185e-49
9.41e-50
7.477e-50
5.947e-50
4.729e-50
3.762e-50
2.994e-50
2.385e-50
1.905e-50
2.228e-50
2.737e-50
3.318e-50
3.957e-50
4.636e-50
5.363e-50
6.182e-50
7.201e-50
8.638e-50
1.075e-49
1.378e-49
1.783e-49
2.266e-49
2.878e-49
3.652e-49
4.968e-49
7.927e-49
1.268e-48
1.991e-48
3.136e-48
4.957e-48
7.868e-48
1.255e-47
2.013e-47
1.337e-43
1.062e-43
8.444e-44
6.708e-44
5.328e-44
4.23e-44
3.358e-44
2.669e-44
2.121e-44
1.685e-44
1.338e-44
1.063e-44
8.435e-45
6.703e-45
5.327e-45
4.233e-45
3.362e-45
2.669e-45
2.119e-45
1.683e-45
1.338e-45
1.063e-45
8.443e-46
6.704e-46
5.322e-46
4.229e-46
3.362e-46
2.673e-46
2.125e-46
1.689e-46
1.343e-46
1.07e-46
8.544e-47
7.896e-47
9.44e-47
1.102e-46
1.251e-46
1.38e-46
1.49e-46
1.588e-46
1.708e-46
1.902e-46
2.228e-46
2.728e-46
3.381e-46
4.241e-46
5.352e-46
6.781e-46
8.631e-46
1.336e-45
2.097e-45
3.303e-45
5.22e-45
8.285e-45
1.321e-44
2.12e-44
1.105e-40
6.958e-41
4.386e-41
3.006e-41
2.387e-41
1.895e-41
1.504e-41
1.196e-41
9.502e-42
7.55e-42
5.996e-42
4.761e-42
3.779e-42
3.003e-42
2.387e-42
1.896e-42
1.506e-42
1.196e-42
9.494e-43
7.543e-43
5.995e-43
4.763e-43
3.783e-43
3.004e-43
2.385e-43
1.894e-43
1.506e-43
1.197e-43
9.508e-44
7.554e-44
6.002e-44
4.773e-44
4.22e-44
5.12e-44
6.085e-44
7.036e-44
7.857e-44
8.451e-44
8.764e-44
8.77e-44
8.599e-44
8.459e-44
8.594e-44
9.245e-44
1.052e-43
1.256e-43
1.548e-43
1.941e-43
2.46e-43
3.132e-43
4.107e-43
6.467e-43
1.022e-42
1.622e-42
2.587e-42
4.149e-42
1.019e-37
6.417e-38
4.045e-38
2.552e-38
1.611e-38
1.07e-38
8.493e-39
6.75e-39
5.364e-39
4.262e-39
3.385e-39
2.688e-39
2.134e-39
1.695e-39
1.347e-39
1.071e-39
8.503e-40
6.752e-40
5.36e-40
4.258e-40
3.384e-40
2.689e-40
2.136e-40
1.696e-40
1.346e-40
1.07e-40
8.501e-41
6.755e-41
5.366e-41
4.262e-41
3.385e-41
2.691e-41
2.141e-41
1.705e-41
1.998e-41
2.317e-41
2.594e-41
2.793e-41
2.89e-41
2.864e-41
2.748e-41
2.6e-41
2.484e-41
2.464e-41
2.587e-41
2.896e-41
3.427e-41
4.208e-41
5.282e-41
6.698e-41
8.346e-41
1.067e-40
1.685e-40
2.674e-40
4.264e-40
6.839e-40
2.307e-35
1.453e-35
9.159e-36
5.778e-36
3.647e-36
2.303e-36
1.455e-36
9.169e-37
6.108e-37
4.853e-37
3.854e-37
3.06e-37
2.429e-37
1.93e-37
1.534e-37
1.219e-37
9.682e-38
7.687e-38
6.102e-38
4.848e-38
3.853e-38
3.062e-38
2.432e-38
1.931e-38
1.533e-38
1.218e-38
9.679e-39
7.691e-39
6.11e-39
4.852e-39
3.852e-39
3.061e-39
2.434e-39
2.145e-39
2.568e-39
2.996e-39
3.381e-39
3.669e-39
3.819e-39
3.786e-39
3.598e-39
3.32e-39
3.028e-39
2.794e-39
2.669e-39
2.696e-39
2.922e-39
3.388e-39
4.126e-39
5.162e-39
6.4e-39
7.99e-39
1.002e-38
1.558e-38
2.484e-38
3.983e-38
4.299e-33
2.708e-33
1.707e-33
1.077e-33
6.797e-34
4.293e-34
2.712e-34
1.709e-34
1.077e-34
6.794e-35
4.867e-35
3.864e-35
3.067e-35
2.437e-35
1.937e-35
1.539e-35
1.222e-35
9.707e-36
7.705e-36
6.122e-36
4.866e-36
3.866e-36
3.071e-36
2.438e-36
1.936e-36
1.538e-36
1.222e-36
9.712e-37
7.715e-37
6.127e-37
4.864e-37
3.864e-37
3.072e-37
2.443e-37
1.942e-37
2.41e-37
2.752e-37
3.031e-37
3.204e-37
3.221e-37
3.09e-37
2.855e-37
2.579e-37
2.323e-37
2.133e-37
2.034e-37
2.061e-37
2.247e-37
2.623e-37
3.209e-37
3.942e-37
4.903e-37
6.142e-37
7.742e-37
1.234e-36
1.979e-36
3.178e-31
2.002e-31
1.262e-31
7.961e-32
5.025e-32
3.173e-32
2.005e-32
1.263e-32
7.963e-33
5.023e-33
3.17e-33
2.002e-33
1.345e-33
1.069e-33
8.495e-34
6.749e-34
5.361e-34
4.257e-34
3.379e-34
2.685e-34
2.134e-34
1.695e-34
1.347e-34
1.069e-34
8.488e-35
6.743e-35
5.359e-35
4.259e-35
3.383e-35
2.687e-35
2.133e-35
1.694e-35
1.347e-35
1.071e-35
8.509e-36
1.034e-35
1.197e-35
1.34e-35
1.443e-35
1.477e-35
1.438e-35
1.34e-35
1.208e-35
1.072e-35
9.539e-36
8.641e-36
8.147e-36
8.184e-36
8.885e-36
1.036e-35
1.244e-35
1.531e-35
1.909e-35
2.401e-35
3.101e-35
4.972e-35
1.979e-29
1.247e-29
7.86e-30
4.958e-30
3.13e-30
1.976e-30
1.249e-30
7.868e-31
4.96e-31
3.128e-31
1.975e-31
1.247e-31
7.878e-32
4.965e-32
3.852e-32
3.061e-32
2.431e-32
1.93e-32
1.532e-32
1.217e-32
9.676e-33
7.688e-33
6.106e-33
4.849e-33
3.849e-33
3.058e-33
2.43e-33
1.931e-33
1.534e-33
1.218e-33
9.671e-34
7.682e-34
6.107e-34
4.854e-34
3.857e-34
3.065e-34
2.436e-34
4.187e-34
4.603e-34
4.821e-34
4.796e-34
4.547e-34
4.145e-34
3.685e-34
3.256e-34
2.891e-34
2.632e-34
2.514e-34
2.575e-34
2.853e-34
3.326e-34
4.029e-34
4.988e-34
6.255e-34
7.912e-34
1.089e-33
6.518e-28
4.105e-28
2.588e-28
1.633e-28
1.03e-28
6.508e-29
4.112e-29
2.591e-29
1.633e-29
1.03e-29
6.501e-30
4.105e-30
2.594e-30
1.635e-30
1.03e-30
6.709e-31
5.329e-31
4.231e-31
3.359e-31
2.668e-31
2.121e-31
1.685e-31
1.339e-31
1.063e-31
8.437e-32
6.703e-32
5.327e-32
4.233e-32
3.362e-32
2.67e-32
2.12e-32
1.684e-32
1.338e-32
1.064e-32
8.453e-33
6.715e-33
5.335e-33
8.407e-33
9.436e-33
1.012e-32
1.031e-32
9.99e-33
9.25e-33
8.287e-33
7.308e-33
6.397e-33
5.658e-33
5.159e-33
4.966e-33
5.15e-33
5.713e-33
6.713e-33
8.185e-33
1.019e-32
1.286e-32
1.637e-32
2.309e-26
1.167e-26
7.359e-27
4.642e-27
2.93e-27
1.85e-27
1.169e-27
7.366e-28
4.643e-28
2.929e-28
1.849e-28
1.167e-28
7.375e-29
4.648e-29
2.93e-29
1.848e-29
1.166e-29
9.248e-30
7.341e-30
5.832e-30
4.636e-30
3.683e-30
2.926e-30
2.323e-30
1.844e-30
1.465e-30
1.164e-30
9.252e-31
7.349e-31
5.836e-31
4.633e-31
3.68e-31
2.925e-31
2.325e-31
1.847e-31
1.467e-31
1.166e-31
9.264e-32
7.374e-32
1.37e-31
1.708e-31
1.697e-31
1.606e-31
1.462e-31
1.3e-31
1.137e-31
9.954e-32
8.873e-32
8.233e-32
8.14e-32
8.636e-32
9.812e-32
1.173e-31
1.447e-31
1.818e-31
2.31e-31
1.799e-24
7.147e-25
2.842e-25
1.131e-25
5.279e-26
3.334e-26
2.106e-26
1.327e-26
8.366e-27
5.277e-27
3.331e-27
2.103e-27
1.329e-27
8.375e-28
5.279e-28
3.329e-28
2.101e-28
1.327e-28
9.565e-29
7.6e-29
6.04e-29
4.799e-29
3.812e-29
3.027e-29
2.403e-29
1.909e-29
1.517e-29
1.205e-29
9.576e-30
7.604e-30
6.037e-30
4.795e-30
3.811e-30
3.029e-30
2.406e-30
1.912e-30
1.518e-30
1.206e-30
9.598e-31
7.64e-31
1.172e-30
1.476e-30
1.858e-30
1.877e-30
1.69e-30
1.485e-30
1.292e-30
1.132e-30
1.017e-30
9.597e-31
9.667e-31
1.048e-30
1.214e-30
1.473e-30
1.835e-30
2.325e-30
1.3e-22
5.165e-23
2.054e-23
8.173e-24
3.254e-24
1.297e-24
5.168e-25
2.112e-25
1.331e-25
8.398e-26
5.301e-26
3.347e-26
2.115e-26
1.333e-26
8.401e-27
5.298e-27
3.344e-27
2.112e-27
1.334e-27
9.698e-28
7.708e-28
6.124e-28
4.865e-28
3.863e-28
3.066e-28
2.436e-28
1.936e-28
1.538e-28
1.222e-28
9.704e-29
7.704e-29
6.119e-29
4.863e-29
3.865e-29
3.071e-29
2.439e-29
1.937e-29
1.539e-29
1.224e-29
9.74e-30
7.754e-30
6.178e-30
1.115e-29
1.409e-29
1.813e-29
1.612e-29
1.407e-29
1.226e-29
1.084e-29
9.95e-30
9.666e-30
1.008e-29
1.13e-29
1.343e-29
1.657e-29
2.09e-29
5.147e-21
2.044e-21
8.123e-22
3.231e-22
1.286e-22
5.124e-23
2.042e-23
8.115e-24
3.227e-24
1.284e-24
6.023e-25
3.803e-25
2.403e-25
1.514e-25
9.545e-26
6.02e-26
3.799e-26
2.399e-26
1.516e-26
9.556e-27
6.732e-27
5.349e-27
4.249e-27
3.374e-27
2.678e-27
2.127e-27
1.691e-27
1.344e-27
1.067e-27
8.475e-28
6.728e-28
5.344e-28
4.247e-28
3.375e-28
2.682e-28
2.13e-28
1.691e-28
1.344e-28
1.069e-28
8.5e-29
6.763e-29
5.385e-29
4.292e-29
7.022e-29
9.014e-29
1.158e-28
1.213e-28
1.055e-28
9.222e-29
8.264e-29
7.755e-29
7.747e-29
8.343e-29
9.634e-29
1.17e-28
1.464e-28
1.892e-19
7.503e-20
2.979e-20
1.184e-20
4.71e-21
1.875e-21
7.469e-22
2.968e-22
1.18e-22
4.694e-23
1.869e-23
7.444e-24
2.967e-24
1.55e-24
9.767e-25
6.16e-25
3.888e-25
2.455e-25
1.551e-25
9.778e-26
6.162e-26
4.539e-26
3.605e-26
2.863e-26
2.272e-26
1.805e-26
1.435e-26
1.14e-26
9.056e-27
7.191e-27
5.709e-27
4.534e-27
3.604e-27
2.864e-27
2.275e-27
1.807e-27
1.435e-27
1.14e-27
9.065e-28
7.209e-28
5.735e-28
4.564e-28
3.635e-28
2.901e-28
4.085e-28
5.232e-28
6.725e-28
7.883e-28
6.873e-28
6.085e-28
5.59e-28
5.417e-28
5.639e-28
6.328e-28
7.545e-28
9.36e-28
4.445e-18
1.757e-18
6.961e-19
2.762e-19
1.097e-19
4.363e-20
1.736e-20
6.894e-21
2.739e-21
1.089e-21
4.335e-22
1.726e-22
6.879e-23
2.735e-23
1.087e-23
4.883e-24
3.081e-24
1.946e-24
1.229e-24
7.749e-25
4.884e-25
3.08e-25
2.3e-25
1.826e-25
1.45e-25
1.152e-25
9.153e-26
7.273e-26
5.777e-26
4.588e-26
3.642e-26
2.893e-26
2.299e-26
1.827e-26
1.451e-26
1.153e-26
9.153e-27
7.27e-27
5.781e-27
4.597e-27
3.656e-27
2.908e-27
2.315e-27
1.846e-27
1.477e-27
2.056e-27
2.632e-27
3.391e-27
4.285e-27
3.762e-27
3.394e-27
3.196e-27
3.21e-27
3.48e-27
4.05e-27
4.958e-27
9.834e-17
3.865e-17
1.524e-17
6.022e-18
2.385e-18
9.462e-19
3.759e-19
1.49e-19
5.913e-20
2.349e-20
9.343e-21
3.719e-21
1.481e-21
5.885e-22
2.339e-22
9.305e-23
3.704e-23
1.475e-23
8.917e-24
5.622e-24
3.543e-24
2.234e-24
1.422e-24
1.129e-24
8.962e-25
7.119e-25
5.658e-25
4.496e-25
3.571e-25
2.836e-25
2.251e-25
1.788e-25
1.421e-25
1.129e-25
8.972e-26
7.126e-26
5.658e-26
4.494e-26
3.573e-26
2.841e-26
2.259e-26
1.796e-26
1.429e-26
1.139e-26
9.103e-27
7.298e-27
9.571e-27
1.225e-26
1.596e-26
2.088e-26
1.867e-26
1.726e-26
1.689e-26
1.778e-26
2.02e-26
2.437e-26
1.573e-15
6.11e-16
2.387e-16
9.367e-17
3.689e-17
1.457e-17
5.766e-18
2.279e-18
9.024e-19
3.579e-19
1.421e-19
5.65e-20
2.248e-20
8.928e-21
3.546e-21
1.41e-21
5.611e-22
2.235e-22
8.903e-23
3.54e-23
2.108e-23
1.33e-23
8.39e-24
5.604e-24
4.448e-24
3.534e-24
2.809e-24
2.232e-24
1.773e-24
1.408e-24
1.117e-24
8.875e-25
7.055e-25
5.606e-25
4.453e-25
3.537e-25
2.808e-25
2.23e-25
1.773e-25
1.41e-25
1.121e-25
8.911e-26
7.087e-26
5.643e-26
4.507e-26
3.608e-26
4.17e-26
5.345e-26
6.923e-26
9.119e-26
8.945e-26
8.143e-26
7.768e-26
7.934e-26
8.762e-26
1.037e-25
2.462e-14
9.362e-15
3.595e-15
1.392e-15
5.424e-16
2.124e-16
8.351e-17
3.283e-17
1.294e-17
5.116e-18
2.026e-18
8.038e-19
3.193e-19
1.266e-19
5.024e-20
1.996e-20
7.937e-21
3.159e-21
1.258e-21
5.001e-22
1.988e-22
7.906e-23
4.632e-23
2.924e-23
2.14e-23
1.7e-23
1.351e-23
1.073e-23
8.526e-24
6.771e-24
5.375e-24
4.269e-24
3.393e-24
2.696e-24
2.142e-24
1.701e-24
1.351e-24
1.073e-24
8.528e-25
6.78e-25
5.389e-25
4.284e-25
3.407e-25
2.711e-25
2.164e-25
1.73e-25
1.388e-25
2.134e-25
2.752e-25
3.6e-25
3.924e-25
3.544e-25
3.325e-25
3.316e-25
3.572e-25
4.146e-25
3.161e-13
1.158e-13
4.316e-14
1.632e-14
6.241e-15
2.408e-15
9.358e-16
3.644e-16
1.426e-16
5.603e-17
2.209e-17
8.73e-18
3.458e-18
1.368e-18
5.418e-19
2.149e-19
8.537e-20
3.394e-20
1.351e-20
5.367e-21
2.132e-21
8.477e-22
3.373e-22
1.381e-22
9.181e-23
7.289e-23
5.779e-23
4.587e-23
3.644e-23
2.897e-23
2.305e-23
1.831e-23
1.452e-23
1.152e-23
9.153e-24
7.277e-24
5.791e-24
4.603e-24
3.649e-24
2.897e-24
2.302e-24
1.832e-24
1.459e-24
1.163e-24
9.249e-25
7.377e-25
5.909e-25
7.703e-25
9.897e-25
1.287e-24
1.535e-24
1.38e-24
1.276e-24
1.244e-24
1.306e-24
1.482e-24
4.318e-12
1.486e-12
5.269e-13
1.915e-13
7.094e-14
2.669e-14
1.017e-14
3.896e-15
1.505e-15
5.854e-16
2.289e-16
8.99e-17
3.543e-17
1.396e-17
5.511e-18
2.18e-18
8.643e-19
3.431e-19
1.364e-19
5.413e-20
2.148e-20
8.537e-21
3.395e-21
1.352e-21
5.383e-22
3.442e-22
2.729e-22
2.166e-22
1.721e-22
1.368e-22
1.089e-22
8.648e-23
6.856e-23
5.441e-23
4.322e-23
3.436e-23
2.734e-23
2.173e-23
1.723e-23
1.368e-23
1.087e-23
8.646e-24
6.887e-24
5.487e-24
4.362e-24
3.477e-24
2.782e-24
2.237e-24
3.309e-24
4.285e-24
5.553e-24
4.994e-24
4.584e-24
4.4e-24
4.519e-24
5.025e-24
5.667e-11
1.772e-11
5.812e-12
1.983e-12
6.982e-13
2.523e-13
9.301e-14
3.472e-14
1.314e-14
5.026e-15
1.94e-15
7.54e-16
2.947e-16
1.154e-16
4.53e-17
1.785e-17
7.053e-18
2.793e-18
1.108e-18
4.389e-19
1.74e-19
6.906e-20
2.744e-20
1.092e-20
4.346e-21
1.728e-21
1.13e-21
8.966e-22
7.122e-22
5.663e-22
4.506e-22
3.579e-22
2.838e-22
2.252e-22
1.789e-22
1.422e-22
1.132e-22
8.995e-23
7.131e-23
5.66e-23
4.498e-23
3.578e-23
2.849e-23
2.27e-23
1.804e-23
1.437e-23
1.149e-23
9.222e-24
7.453e-24
1.315e-23
1.724e-23
1.646e-23
1.503e-23
1.423e-23
1.432e-23
1.558e-23
8.671e-10
2.419e-10
7.145e-11
2.227e-11
7.27e-12
2.468e-12
8.654e-13
3.101e-13
1.135e-13
4.232e-14
1.6e-14
6.116e-15
2.359e-15
9.139e-16
3.559e-16
1.393e-16
5.475e-17
2.159e-17
8.535e-18
3.373e-18
1.334e-18
5.287e-19
2.098e-19
8.338e-20
3.317e-20
1.318e-20
5.232e-21
3.51e-21
2.788e-21
2.216e-21
1.764e-21
1.401e-21
1.111e-21
8.814e-22
7.001e-22
5.566e-22
4.429e-22
3.521e-22
2.791e-22
2.215e-22
1.76e-22
1.4e-22
1.115e-22
8.879e-23
7.054e-23
5.617e-23
4.487e-23
3.599e-23
2.903e-23
2.361e-23
4.959e-23
5.078e-23
4.641e-23
4.36e-23
4.321e-23
4.613e-23
1.293e-08
3.339e-09
8.895e-10
2.489e-10
7.355e-11
2.29e-11
7.464e-12
2.516e-12
8.769e-13
3.142e-13
1.151e-13
4.292e-14
1.623e-14
6.185e-15
2.378e-15
9.215e-16
3.593e-16
1.408e-16
5.537e-17
2.179e-17
8.592e-18
3.396e-18
1.345e-18
5.337e-19
2.12e-19
8.414e-20
3.338e-20
1.326e-20
9.804e-21
7.794e-21
6.201e-21
4.926e-21
3.905e-21
3.099e-21
2.462e-21
1.957e-21
1.557e-21
1.238e-21
9.813e-22
7.788e-22
6.188e-22
4.921e-22
3.919e-22
3.12e-22
2.478e-22
1.973e-22
1.575e-22
1.262e-22
1.016e-22
8.244e-23
1.335e-22
1.445e-22
1.325e-22
1.239e-22
1.211e-22
1.269e-22
7.192e-08
4.175e-08
1.125e-08
3.01e-09
8.218e-10
2.336e-10
6.969e-11
2.167e-11
7.053e-12
2.389e-12
8.358e-13
3.003e-13
1.102e-13
4.102e-14
1.547e-14
5.904e-15
2.274e-15
8.826e-16
3.445e-16
1.348e-16
5.288e-17
2.082e-17
8.221e-18
3.254e-18
1.29e-18
5.112e-19
2.026e-19
8.04e-20
3.194e-20
2.611e-20
2.078e-20
1.651e-20
1.308e-20
1.038e-20
8.247e-21
6.556e-21
5.217e-21
4.147e-21
3.287e-21
2.609e-21
2.073e-21
1.648e-21
1.312e-21
1.045e-21
8.297e-22
6.603e-22
5.268e-22
4.218e-22
3.393e-22
2.747e-22
2.24e-22
3.87e-22
3.58e-22
3.345e-22
3.244e-22
3.352e-22
9.517e-08
8.959e-08
8.25e-08
3.183e-08
8.695e-09
2.351e-09
6.479e-10
1.839e-10
5.496e-11
1.727e-11
5.675e-12
1.936e-12
6.813e-13
2.449e-13
8.985e-14
3.354e-14
1.27e-14
4.859e-15
1.876e-15
7.272e-16
2.833e-16
1.109e-16
4.361e-17
1.72e-17
6.8e-18
2.689e-18
1.064e-18
4.215e-19
1.673e-19
8.011e-20
6.373e-20
5.062e-20
4.013e-20
3.184e-20
2.529e-20
2.011e-20
1.6e-20
1.272e-20
1.008e-20
7.999e-21
6.355e-21
5.054e-21
4.024e-21
3.203e-21
2.543e-21
2.023e-21
1.613e-21
1.291e-21
1.037e-21
8.384e-22
6.814e-22
5.625e-22
9.03e-22
8.463e-22
8.159e-22
8.32e-22
1.169e-07
1.132e-07
1.081e-07
1.013e-07
7.455e-08
2.153e-08
6.008e-09
1.634e-09
4.559e-10
1.327e-10
4.05e-11
1.294e-11
4.306e-12
1.477e-12
5.213e-13
1.887e-13
6.967e-14
2.614e-14
9.934e-15
3.803e-15
1.467e-15
5.696e-16
2.225e-16
8.732e-17
3.438e-17
1.355e-17
5.347e-18
2.115e-18
8.379e-19
3.325e-19
1.875e-19
1.489e-19
1.18e-19
9.363e-20
7.437e-20
5.912e-20
4.704e-20
3.739e-20
2.964e-20
2.352e-20
1.868e-20
1.486e-20
1.183e-20
9.416e-21
7.474e-21
5.944e-21
4.739e-21
3.79e-21
3.043e-21
2.456e-21
1.992e-21
1.638e-21
1.377e-21
2.042e-21
1.967e-21
1.988e-21
1.381e-07
1.359e-07
1.327e-07
1.281e-07
1.216e-07
1.132e-07
4.655e-08
1.31e-08
3.603e-09
9.962e-10
2.837e-10
8.425e-11
2.619e-11
8.452e-12
2.836e-12
9.844e-13
3.514e-13
1.283e-13
4.77e-14
1.794e-14
6.823e-15
2.621e-15
1.015e-15
3.953e-16
1.548e-16
6.074e-17
2.388e-17
9.417e-18
3.723e-18
1.475e-18
5.853e-19
4.068e-19
3.224e-19
2.558e-19
2.032e-19
1.615e-19
1.285e-19
1.021e-19
8.095e-20
6.424e-20
5.103e-20
4.058e-20
3.23e-20
2.571e-20
2.041e-20
1.623e-20
1.293e-20
1.033e-20
8.292e-21
6.684e-21
5.409e-21
4.434e-21
3.706e-21
3.192e-21
4.485e-21
4.505e-21
1.594e-07
1.582e-07
1.562e-07
1.533e-07
1.49e-07
1.43e-07
1.348e-07
8.402e-08
2.477e-08
7.077e-09
1.993e-09
5.663e-10
1.658e-10
5.012e-11
1.583e-11
5.218e-12
1.783e-12
6.281e-13
2.268e-13
8.33e-14
3.107e-14
1.175e-14
4.496e-15
1.735e-15
6.742e-16
2.629e-16
1.028e-16
4.04e-17
1.592e-17
6.292e-18
2.492e-18
9.869e-19
8.492e-19
6.737e-19
5.35e-19
4.253e-19
3.384e-19
2.689e-19
2.131e-19
1.691e-19
1.344e-19
1.068e-19
8.504e-20
6.768e-20
5.371e-20
4.27e-20
3.402e-20
2.718e-20
2.179e-20
1.755e-20
1.418e-20
1.159e-20
9.649e-21
8.256e-21
9.825e-21
9.846e-21
1.818e-07
1.811e-07
1.8e-07
1.782e-07
1.756e-07
1.716e-07
1.659e-07
1.579e-07
1.386e-07
4.231e-08
1.247e-08
3.569e-09
1.014e-09
2.899e-10
8.601e-11
2.669e-11
8.648e-12
2.911e-12
1.012e-12
3.602e-13
1.31e-13
4.856e-14
1.827e-14
6.961e-15
2.677e-15
1.035e-15
4.023e-16
1.572e-16
6.17e-17
2.43e-17
9.6e-18
3.794e-18
2.103e-18
1.668e-18
1.324e-18
1.053e-18
8.374e-19
6.655e-19
5.274e-19
4.185e-19
3.324e-19
2.643e-19
2.104e-19
1.674e-19
1.329e-19
1.056e-19
8.412e-20
6.717e-20
5.383e-20
4.331e-20
3.494e-20
2.849e-20
2.362e-20
2.009e-20
1.775e-20
2.052e-20
2.057e-07
2.052e-07
2.045e-07
2.034e-07
2.018e-07
1.993e-07
1.955e-07
1.9e-07
1.821e-07
1.715e-07
6.441e-08
1.965e-08
5.799e-09
1.65e-09
4.726e-10
1.395e-10
4.283e-11
1.37e-11
4.554e-12
1.559e-12
5.49e-13
1.982e-13
7.303e-14
2.735e-14
1.038e-14
3.969e-15
1.529e-15
5.933e-16
2.316e-16
9.082e-17
3.575e-17
1.409e-17
5.557e-18
3.998e-18
3.174e-18
2.523e-18
2.007e-18
1.595e-18
1.264e-18
1.003e-18
7.965e-19
6.333e-19
5.041e-19
4.011e-19
3.182e-19
2.529e-19
2.014e-19
1.608e-19
1.288e-19
1.035e-19
8.344e-20
6.791e-20
5.613e-20
4.748e-20
4.163e-20
3.846e-20
2.315e-07
2.311e-07
2.306e-07
2.299e-07
2.288e-07
2.272e-07
2.249e-07
2.212e-07
2.158e-07
2.081e-07
1.974e-07
9.167e-08
2.866e-08
8.465e-09
2.436e-09
7.011e-10
2.06e-10
6.261e-11
1.979e-11
6.47e-12
2.189e-12
7.648e-13
2.743e-13
1.005e-13
3.748e-14
1.413e-14
5.382e-15
2.07e-15
8.021e-16
3.127e-16
1.225e-16
4.812e-17
1.892e-17
9.095e-18
7.22e-18
5.737e-18
4.563e-18
3.625e-18
2.873e-18
2.279e-18
1.81e-18
1.439e-18
1.146e-18
9.115e-19
7.231e-19
5.746e-19
4.575e-19
3.651e-19
2.923e-19
2.349e-19
1.89e-19
1.536e-19
1.266e-19
1.066e-19
9.274e-20
8.478e-20
2.595e-07
2.591e-07
2.586e-07
2.58e-07
2.572e-07
2.561e-07
2.546e-07
2.522e-07
2.485e-07
2.432e-07
2.354e-07
2.246e-07
1.194e-07
3.718e-08
1.124e-08
3.319e-09
9.706e-10
2.867e-10
8.695e-11
2.713e-11
8.785e-12
2.953e-12
1.026e-12
3.659e-13
1.334e-13
4.943e-14
1.855e-14
7.052e-15
2.708e-15
1.048e-15
4.083e-16
1.596e-16
6.252e-17
2.459e-17
1.596e-17
1.268e-17
1.008e-17
8.012e-18
6.348e-18
5.036e-18
4e-18
3.18e-18
2.531e-18
2.013e-18
1.597e-18
1.269e-18
1.01e-18
8.06e-19
6.45e-19
5.179e-19
4.165e-19
3.379e-19
2.778e-19
2.33e-19
2.016e-19
1.826e-19
2.903e-07
2.896e-07
2.889e-07
2.883e-07
2.876e-07
2.867e-07
2.856e-07
2.839e-07
2.815e-07
2.779e-07
2.725e-07
2.647e-07
2.536e-07
1.441e-07
4.54e-08
1.401e-08
4.212e-09
1.245e-09
3.685e-10
1.104e-10
3.418e-11
1.101e-11
3.681e-12
1.271e-12
4.515e-13
1.635e-13
6.027e-14
2.258e-14
8.57e-15
3.286e-15
1.271e-15
4.937e-16
1.925e-16
7.542e-17
2.967e-17
2.68e-17
2.131e-17
1.693e-17
1.341e-17
1.064e-17
8.447e-18
6.715e-18
5.343e-18
4.251e-18
3.372e-18
2.679e-18
2.132e-18
1.701e-18
1.36e-18
1.092e-18
8.772e-19
7.107e-19
5.83e-19
4.872e-19
4.19e-19
3.765e-19
3.249e-07
3.235e-07
3.223e-07
3.213e-07
3.204e-07
3.195e-07
3.185e-07
3.172e-07
3.154e-07
3.128e-07
3.091e-07
3.035e-07
2.954e-07
2.838e-07
1.613e-07
5.164e-08
1.625e-08
4.985e-09
1.498e-09
4.425e-10
1.328e-10
4.116e-11
1.324e-11
4.415e-12
1.52e-12
5.361e-13
1.933e-13
7.115e-14
2.662e-14
1.009e-14
3.866e-15
1.491e-15
5.778e-16
2.253e-16
8.829e-17
5.523e-17
4.391e-17
3.487e-17
2.762e-17
2.191e-17
1.74e-17
1.383e-17
1.1e-17
8.752e-18
6.941e-18
5.514e-18
4.388e-18
3.499e-18
2.798e-18
2.245e-18
1.802e-18
1.459e-18
1.194e-18
9.951e-19
8.518e-19
7.597e-19
3.649e-07
3.621e-07
3.599e-07
3.58e-07
3.565e-07
3.552e-07
3.54e-07
3.527e-07
3.511e-07
3.492e-07
3.464e-07
3.425e-07
3.367e-07
3.281e-07
3.159e-07
1.742e-07
5.636e-08
1.797e-08
5.585e-09
1.669e-09
4.944e-10
1.49e-10
4.623e-11
1.485e-11
4.94e-12
1.69e-12
5.935e-13
2.138e-13
7.859e-14
2.938e-14
1.113e-14
4.252e-15
1.636e-15
6.342e-16
2.473e-16
9.693e-17
8.705e-17
6.911e-17
5.473e-17
4.34e-17
3.446e-17
2.739e-17
2.179e-17
1.733e-17
1.374e-17
1.092e-17
8.686e-18
6.925e-18
5.536e-18
4.439e-18
3.561e-18
2.879e-18
2.354e-18
1.956e-18
1.666e-18
1.476e-18
4.136e-07
4.08e-07
4.036e-07
4.001e-07
3.973e-07
3.95e-07
3.93e-07
3.912e-07
3.895e-07
3.876e-07
3.853e-07
3.823e-07
3.78e-07
3.716e-07
3.625e-07
3.494e-07
1.776e-07
5.801e-08
1.871e-08
5.789e-09
1.747e-09
5.25e-10
1.597e-10
4.98e-11
1.603e-11
5.308e-12
1.811e-12
6.364e-13
2.292e-13
8.425e-14
3.148e-14
1.19e-14
4.536e-15
1.746e-15
6.77e-16
2.641e-16
1.688e-16
1.339e-16
1.061e-16
8.408e-17
6.675e-17
5.304e-17
4.22e-17
3.356e-17
2.661e-17
2.113e-17
1.681e-17
1.34e-17
1.071e-17
8.586e-18
6.884e-18
5.561e-18
4.539e-18
3.763e-18
3.194e-18
2.813e-18
4.769e-07
4.658e-07
4.57e-07
4.502e-07
4.448e-07
4.405e-07
4.37e-07
4.341e-07
4.316e-07
4.293e-07
4.269e-07
4.242e-07
4.207e-07
4.158e-07
4.089e-07
3.99e-07
3.849e-07
1.754e-07
5.766e-08
1.836e-08
5.7e-09
1.741e-09
5.281e-10
1.615e-10
5.053e-11
1.619e-11
5.352e-12
1.829e-12
6.433e-13
2.318e-13
8.523e-14
3.178e-14
1.199e-14
4.574e-15
1.762e-15
6.835e-16
2.668e-16
2.511e-16
1.987e-16
1.575e-16
1.25e-16
9.932e-17
7.9e-17
6.282e-17
4.981e-17
3.955e-17
3.146e-17
2.508e-17
2.004e-17
1.605e-17
1.286e-17
1.038e-17
8.464e-18
7.002e-18
5.922e-18
5.185e-18
5.687e-07
5.458e-07
5.281e-07
5.145e-07
5.039e-07
4.955e-07
4.889e-07
4.836e-07
4.793e-07
4.757e-07
4.724e-07
4.693e-07
4.658e-07
4.616e-07
4.56e-07
4.483e-07
4.373e-07
4.218e-07
1.648e-07
5.328e-08
1.699e-08
5.349e-09
1.656e-09
5.082e-10
1.569e-10
4.903e-11
1.574e-11
5.227e-12
1.792e-12
6.316e-13
2.279e-13
8.37e-14
3.117e-14
1.177e-14
4.497e-15
1.733e-15
6.729e-16
4.613e-16
3.65e-16
2.892e-16
2.295e-16
1.823e-16
1.45e-16
1.153e-16
9.139e-17
7.257e-17
5.771e-17
4.599e-17
3.674e-17
2.942e-17
2.357e-17
1.901e-17
1.548e-17
1.278e-17
1.078e-17
9.391e-18
7.159e-07
6.674e-07
6.31e-07
6.034e-07
5.823e-07
5.66e-07
5.533e-07
5.434e-07
5.355e-07
5.292e-07
5.239e-07
5.193e-07
5.15e-07
5.106e-07
5.055e-07
4.99e-07
4.902e-07
4.778e-07
4.538e-07
1.469e-07
4.742e-08
1.526e-08
4.848e-09
1.513e-09
4.673e-10
1.438e-10
4.498e-11
1.453e-11
4.846e-12
1.667e-12
5.891e-13
2.125e-13
7.795e-14
2.909e-14
1.1e-14
4.208e-15
1.624e-15
7.544e-16
6.512e-16
5.158e-16
4.092e-16
3.25e-16
2.584e-16
2.054e-16
1.628e-16
1.292e-16
1.028e-16
8.189e-17
6.54e-17
5.236e-17
4.192e-17
3.378e-17
2.748e-17
2.265e-17
1.905e-17
1.652e-17
9.901e-07
8.806e-07
8.013e-07
7.429e-07
6.992e-07
6.662e-07
6.409e-07
6.215e-07
6.065e-07
5.946e-07
5.851e-07
5.774e-07
5.708e-07
5.649e-07
5.591e-07
5.526e-07
5.448e-07
5.345e-07
5.204e-07
3.852e-07
1.245e-07
4.053e-08
1.316e-08
4.216e-09
1.327e-09
4.092e-10
1.264e-10
3.996e-11
1.301e-11
4.367e-12
1.509e-12
5.337e-13
1.926e-13
7.087e-14
2.651e-14
1.005e-14
3.848e-15
1.805e-15
1.141e-15
9.036e-16
7.165e-16
5.689e-16
4.523e-16
3.595e-16
2.849e-16
2.261e-16
1.798e-16
1.432e-16
1.144e-16
9.153e-17
7.325e-17
5.9e-17
4.795e-17
3.947e-17
3.311e-17
2.861e-17
1.573e-06
1.304e-06
1.118e-06
9.862e-07
8.916e-07
8.223e-07
7.707e-07
7.321e-07
7.026e-07
6.799e-07
6.622e-07
6.482e-07
6.369e-07
6.276e-07
6.194e-07
6.116e-07
6.034e-07
5.938e-07
5.816e-07
5.652e-07
3.167e-07
1.032e-07
3.383e-08
1.104e-08
3.555e-09
1.11e-09
3.421e-10
1.067e-10
3.4e-11
1.115e-11
3.763e-12
1.302e-12
4.61e-13
1.67e-13
6.168e-14
2.313e-14
8.785e-15
4.146e-15
2.034e-15
1.543e-15
1.223e-15
9.708e-16
7.715e-16
6.131e-16
4.858e-16
3.855e-16
3.065e-16
2.441e-16
1.948e-16
1.559e-16
1.247e-16
1.004e-16
8.151e-17
6.701e-17
5.61e-17
4.828e-17
2.995e-06
2.276e-06
1.8e-06
1.479e-06
1.258e-06
1.102e-06
9.906e-07
9.092e-07
8.489e-07
8.035e-07
7.689e-07
7.423e-07
7.214e-07
7.049e-07
6.914e-07
6.798e-07
6.692e-07
6.584e-07
6.464e-07
6.315e-07
6.121e-07
2.514e-07
8.254e-08
2.723e-08
8.936e-09
2.848e-09
8.888e-10
2.773e-10
8.741e-11
2.814e-11
9.301e-12
3.151e-12
1.093e-12
3.894e-13
1.417e-13
5.253e-14
1.976e-14
9.357e-15
4.57e-15
2.246e-15
2.054e-15
1.63e-15
1.295e-15
1.029e-15
8.15e-16
6.467e-16
5.14e-16
4.093e-16
3.267e-16
2.613e-16
2.089e-16
1.681e-16
1.364e-16
1.12e-16
9.359e-17
8.029e-17
6.934e-06
4.83e-06
3.488e-06
2.621e-06
2.051e-06
1.669e-06
1.407e-06
1.225e-06
1.094e-06
9.999e-07
9.3e-07
8.775e-07
8.376e-07
8.069e-07
7.828e-07
7.634e-07
7.471e-07
7.325e-07
7.183e-07
7.03e-07
6.847e-07
6.003e-07
1.96e-07
6.469e-08
2.143e-08
6.938e-09
2.199e-09
6.919e-10
2.175e-10
6.915e-11
2.243e-11
7.439e-12
2.528e-12
8.836e-13
3.165e-13
1.158e-13
4.307e-14
2.04e-14
9.914e-15
4.852e-15
3.374e-15
2.676e-15
2.125e-15
1.688e-15
1.337e-15
1.06e-15
8.426e-16
6.709e-16
5.353e-16
4.281e-16
3.422e-16
2.751e-16
2.231e-16
1.83e-16
1.526e-16
1.305e-16
1.787e-05
1.179e-05
7.966e-06
5.538e-06
3.984e-06
2.977e-06
2.315e-06
1.871e-06
1.568e-06
1.357e-06
1.206e-06
1.097e-06
1.017e-06
9.567e-07
9.109e-07
8.754e-07
8.471e-07
8.238e-07
8.035e-07
7.844e-07
7.644e-07
7.416e-07
4.505e-07
1.48e-07
4.911e-08
1.604e-08
5.165e-09
1.651e-09
5.237e-10
1.662e-10
5.333e-11
1.738e-11
5.789e-12
1.986e-12
6.998e-13
2.523e-13
9.272e-14
4.381e-14
2.116e-14
1.031e-14
5.058e-15
4.329e-15
3.437e-15
2.729e-15
2.161e-15
1.714e-15
1.361e-15
1.084e-15
8.645e-16
6.912e-16
5.523e-16
4.439e-16
3.596e-16
2.947e-16
2.454e-16
2.094e-16
5.041e-05
3.23e-05
2.094e-05
1.378e-05
9.263e-06
6.395e-06
4.562e-06
3.373e-06
2.598e-06
2.084e-06
1.735e-06
1.492e-06
1.321e-06
1.197e-06
1.106e-06
1.038e-06
9.853e-07
9.444e-07
9.113e-07
8.832e-07
8.574e-07
8.314e-07
8.025e-07
3.327e-07
1.098e-07
3.589e-08
1.164e-08
3.771e-09
1.211e-09
3.862e-10
1.233e-10
3.964e-11
1.296e-11
4.364e-12
1.511e-12
5.362e-13
1.945e-13
9.137e-14
4.385e-14
2.125e-14
1.038e-14
5.513e-15
5.449e-15
4.325e-15
3.423e-15
2.714e-15
2.156e-15
1.715e-15
1.368e-15
1.094e-15
8.734e-16
7.017e-16
5.682e-16
4.652e-16
3.868e-16
3.292e-16
0.0001394
8.836e-05
5.632e-05
3.618e-05
2.349e-05
1.548e-05
1.04e-05
7.155e-06
5.084e-06
3.751e-06
2.88e-06
2.301e-06
1.907e-06
1.634e-06
1.441e-06
1.302e-06
1.199e-06
1.122e-06
1.062e-06
1.015e-06
9.751e-07
9.398e-07
9.054e-07
7.286e-07
2.388e-07
7.767e-08
2.522e-08
8.243e-09
2.684e-09
8.664e-10
2.779e-10
8.882e-11
2.866e-11
9.492e-12
3.23e-12
1.129e-12
4.036e-13
1.881e-13
8.959e-14
4.316e-14
2.098e-14
1.027e-14
8.527e-15
6.764e-15
5.351e-15
4.242e-15
3.368e-15
2.68e-15
2.137e-15
1.708e-15
1.363e-15
1.095e-15
8.86e-16
7.248e-16
6.02e-16
5.113e-16
0.0003978
0.0002509
0.0001587
0.0001008
6.431e-05
4.133e-05
2.681e-05
1.755e-05
1.171e-05
8.02e-06
5.67e-06
4.159e-06
3.174e-06
2.521e-06
2.08e-06
1.775e-06
1.56e-06
1.405e-06
1.291e-06
1.204e-06
1.136e-06
1.081e-06
1.033e-06
9.871e-07
5.136e-07
1.655e-07
5.345e-08
1.749e-08
5.742e-09
1.875e-09
6.064e-10
1.937e-10
6.19e-11
2.021e-11
6.766e-12
2.326e-12
8.195e-13
3.781e-13
1.785e-13
8.537e-14
4.127e-14
2.012e-14
1.094e-14
1.039e-14
8.219e-15
6.512e-15
5.17e-15
4.112e-15
3.278e-15
2.619e-15
2.09e-15
1.678e-15
1.357e-15
1.109e-15
9.201e-16
7.799e-16
0.001078
0.000679
0.0004284
0.0002709
0.0001718
0.0001094
6.994e-05
4.478e-05
2.895e-05
1.899e-05
1.27e-05
8.714e-06
6.166e-06
4.516e-06
3.442e-06
2.73e-06
2.249e-06
1.916e-06
1.68e-06
1.51e-06
1.383e-06
1.285e-06
1.207e-06
1.141e-06
1.079e-06
3.457e-07
1.106e-07
3.604e-08
1.186e-08
3.909e-09
1.279e-09
4.111e-10
1.311e-10
4.242e-11
1.402e-11
4.747e-12
1.648e-12
7.519e-13
3.514e-13
1.668e-13
8.013e-14
3.887e-14
1.9e-14
1.578e-14
1.247e-14
9.879e-15
7.84e-15
6.234e-15
4.969e-15
3.968e-15
3.166e-15
2.54e-15
2.054e-15
1.677e-15
1.39e-15
1.176e-15
0.002974
0.001871
0.001179
0.0007445
0.0004708
0.0002984
0.0001896
0.0001201
7.643e-05
4.898e-05
3.169e-05
2.079e-05
1.389e-05
9.476e-06
6.67e-06
4.873e-06
3.704e-06
2.931e-06
2.409e-06
2.048e-06
1.793e-06
1.606e-06
1.466e-06
1.356e-06
1.265e-06
7.199e-07
2.274e-07
7.336e-08
2.404e-08
7.94e-09
2.618e-09
8.477e-10
2.706e-10
8.709e-11
2.847e-11
9.51e-12
3.254e-12
1.466e-12
6.777e-13
3.187e-13
1.52e-13
7.332e-14
3.568e-14
2.009e-14
1.864e-14
1.475e-14
1.17e-14
9.302e-15
7.411e-15
5.917e-15
4.72e-15
3.785e-15
3.058e-15
2.496e-15
2.067e-15
1.746e-15
0.007768
0.004886
0.003078
0.001942
0.001227
0.0007764
0.0004921
0.0003106
0.0001965
0.0001247
7.961e-05
5.116e-05
3.32e-05
2.175e-05
1.451e-05
9.939e-06
7.025e-06
5.148e-06
3.922e-06
3.107e-06
2.555e-06
2.171e-06
1.897e-06
1.694e-06
1.539e-06
1.412e-06
4.62e-07
1.471e-07
4.777e-08
1.573e-08
5.205e-09
1.697e-09
5.447e-10
1.753e-10
5.699e-11
1.884e-11
6.363e-12
2.836e-12
1.295e-12
6.028e-13
2.852e-13
1.367e-13
6.618e-14
3.366e-14
2.089e-14
2.179e-14
1.728e-14
1.373e-14
1.094e-14
8.729e-15
6.96e-15
5.579e-15
4.506e-15
3.675e-15
3.04e-15
2.565e-15
0.02054
0.01292
0.008136
0.005131
0.003241
0.002049
0.001298
0.0008174
0.0005157
0.000326
0.0002067
0.0001315
8.41e-05
5.385e-05
3.479e-05
2.28e-05
1.524e-05
1.044e-05
7.379e-06
5.4e-06
4.112e-06
3.257e-06
2.677e-06
2.272e-06
1.98e-06
1.759e-06
9.461e-07
2.959e-07
9.466e-08
3.085e-08
1.017e-08
3.324e-09
1.071e-09
3.452e-10
1.118e-10
3.666e-11
1.224e-11
5.404e-12
2.432e-12
1.12e-12
5.249e-13
2.497e-13
1.202e-13
5.831e-14
3.428e-14
3.174e-14
2.515e-14
1.998e-14
1.591e-14
1.269e-14
1.012e-14
8.106e-15
6.543e-15
5.334e-15
4.408e-15
3.713e-15
0.05149
0.03238
0.0204
0.01286
0.008122
0.005135
0.00325
0.002046
0.001289
0.000814
0.0005148
0.0003263
0.0002074
0.0001316
8.385e-05
5.383e-05
3.493e-05
2.299e-05
1.544e-05
1.061e-05
7.522e-06
5.535e-06
4.235e-06
3.366e-06
2.769e-06
2.347e-06
1.944e-06
5.947e-07
1.867e-07
5.995e-08
1.959e-08
6.377e-09
2.056e-09
6.653e-10
2.157e-10
7.039e-11
2.362e-11
1.024e-11
4.537e-12
2.062e-12
9.571e-13
4.517e-13
2.16e-13
1.042e-13
5.564e-14
3.455e-14
3.626e-14
2.879e-14
2.291e-14
1.827e-14
1.456e-14
1.166e-14
9.408e-15
7.665e-15
6.33e-15
5.326e-15
0.1303
0.08192
0.05159
0.03254
0.02054
0.01299
0.008217
0.005172
0.003258
0.002055
0.001298
0.0008216
0.0005208
0.000329
0.0002081
0.0001322
8.446e-05
5.435e-05
3.534e-05
2.323e-05
1.557e-05
1.072e-05
7.626e-06
5.626e-06
4.312e-06
3.428e-06
2.815e-06
1.224e-06
3.745e-07
1.176e-07
3.778e-08
1.216e-08
3.9e-09
1.261e-09
4.088e-10
1.33e-10
4.525e-11
1.921e-11
8.362e-12
3.747e-12
1.719e-12
8.034e-13
3.813e-13
1.829e-13
8.887e-14
5.505e-14
5.163e-14
4.096e-14
3.258e-14
2.598e-14
2.069e-14
1.656e-14
1.335e-14
1.087e-14
8.972e-15
7.541e-15
0.3133
0.197
0.1241
0.07825
0.04941
0.03123
0.01976
0.01244
0.007833
0.00494
0.003119
0.001972
0.001249
0.0007877
0.000497
0.0003144
0.0001995
0.0001272
8.149e-05
5.242e-05
3.405e-05
2.249e-05
1.518e-05
1.053e-05
7.539e-06
5.59e-06
4.298e-06
2.563e-06
7.605e-07
2.325e-07
7.302e-08
2.309e-08
7.318e-09
2.355e-09
7.629e-10
2.478e-10
8.661e-11
3.596e-11
1.535e-11
6.77e-12
3.065e-12
1.418e-12
6.673e-13
3.179e-13
1.524e-13
8.684e-14
7.288e-14
5.778e-14
4.593e-14
3.66e-14
2.913e-14
2.331e-14
1.879e-14
1.529e-14
1.261e-14
1.058e-14
0.7585
0.4771
0.3004
0.1895
0.1196
0.07561
0.04784
0.03011
0.01896
0.01196
0.007548
0.004771
0.00302
0.001903
0.001199
0.0007571
0.000479
0.0003038
0.0001932
0.0001229
7.843e-05
5.051e-05
3.293e-05
2.182e-05
1.478e-05
1.026e-05
7.357e-06
5.463e-06
1.612e-06
4.758e-07
1.448e-07
4.455e-08
1.382e-08
4.392e-09
1.413e-09
4.572e-10
1.658e-10
6.709e-11
2.8e-11
1.212e-11
5.407e-12
2.471e-12
1.152e-12
5.443e-13
2.593e-13
1.351e-13
8.372e-14
8.06e-14
6.403e-14
5.098e-14
4.056e-14
3.244e-14
2.613e-14
2.125e-14
1.751e-14
1.468e-14
1.752
1.102
0.6937
0.4375
0.2762
0.1746
0.1105
0.06952
0.04378
0.0276
0.01743
0.01101
0.00697
0.00439
0.002765
0.001744
0.001102
0.0006977
0.0004425
0.00028
0.0001774
0.000113
7.241e-05
4.685e-05
3.069e-05
2.04e-05
1.385e-05
9.673e-06
3.499e-06
9.961e-07
2.929e-07
8.722e-08
2.631e-08
8.191e-09
2.603e-09
8.435e-10
3.189e-10
1.255e-10
5.111e-11
2.168e-11
9.506e-12
4.285e-12
1.975e-12
9.253e-13
4.375e-13
2.096e-13
1.287e-13
1.116e-13
8.857e-14
7.047e-14
5.602e-14
4.477e-14
3.604e-14
2.929e-14
2.412e-14
2.021e-14
4.063
2.556
1.609
1.015
0.6408
0.4051
0.2563
0.1613
0.1016
0.06404
0.04043
0.02555
0.01617
0.01018
0.006411
0.004043
0.002553
0.001614
0.001022
0.0006454
0.0004074
0.0002579
0.0001639
0.0001046
6.723e-05
4.345e-05
2.839e-05
1.889e-05
8.037e-06
2.203e-06
6.227e-07
1.781e-07
5.173e-08
1.562e-08
4.92e-09
1.702e-09
6.205e-10
2.363e-10
9.344e-11
3.867e-11
1.662e-11
7.374e-12
3.355e-12
1.555e-12
7.288e-13
3.468e-13
1.956e-13
1.213e-13
1.213e-13
9.645e-14
7.66e-14
6.117e-14
4.921e-14
3.996e-14
3.288e-14
2.752e-14
9.02
5.673
3.573
2.253
1.423
0.8992
0.5689
0.358
0.2255
0.1422
0.08974
0.05671
0.03588
0.0226
0.01423
0.008971
0.005663
0.00358
0.002266
0.001429
0.0009006
0.0005687
0.00036
0.0002285
0.0001456
9.285e-05
5.948e-05
3.849e-05
1.982e-05
5.291e-06
1.45e-06
4.012e-07
1.13e-07
3.355e-08
1.053e-08
3.491e-09
1.225e-09
4.498e-10
1.721e-10
6.93e-11
2.912e-11
1.268e-11
5.683e-12
2.602e-12
1.208e-12
5.701e-13
2.952e-13
1.824e-13
1.652e-13
1.311e-13
1.04e-13
8.3e-14
6.671e-14
5.413e-14
4.45e-14
3.722e-14
20.09
12.64
7.957
5.018
3.168
2.003
1.267
0.7974
0.5021
0.3166
0.1999
0.1263
0.07992
0.05033
0.03169
0.01998
0.01261
0.007969
0.005042
0.003178
0.002002
0.001263
0.0007977
0.0005049
0.0003202
0.0002028
0.0001285
8.185e-05
5.247e-05
1.445e-05
3.857e-06
1.03e-06
2.778e-07
7.869e-08
2.351e-08
7.427e-09
2.487e-09
8.745e-10
3.215e-10
1.252e-10
5.119e-11
2.179e-11
9.592e-12
4.328e-12
1.984e-12
9.278e-13
4.413e-13
2.715e-13
1.684e-13
1.768e-13
1.401e-13
1.116e-13
8.963e-14
7.266e-14
5.967e-14
4.985e-14
