# For the net reaction C2H2 + H2 + H2 -> C2H6
65 56 3640
T [K]
300.0 350.0 400.0 450.0 500.0 550.0 600.0 650.0 700.0 750.0 800.0 850.0 900.0 950.0 1000.0 1050.0 1100.0 1150.0 1200.0 1250.0 1300.0 1350.0 1400.0 1450.0 1500.0 1550.0 1600.0 1650.0 1700.0 1750.0 1800.0 1850.0 1900.0 1950.0 2000.0 2050.0 2100.0 2150.0 2200.0 2250.0 2300.0 2350.0 2400.0 2450.0 2500.0 2550.0 2600.0 2650.0 2700.0 2750.0 2800.0 2850.0 2900.0 2950.0 3000.0 3050.0 3100.0 3150.0 3200.0 3250.0 3300.0 3350.0 3400.0 3450.0 3500.0
p [bar]
1e-08 1.585e-08 2.512e-08 3.981e-08 6.31e-08 1e-07 1.585e-07 2.512e-07 3.981e-07 6.31e-07 1e-06 1.585e-06 2.512e-06 3.981e-06 6.31e-06 1e-05 1.585e-05 2.512e-05 3.981e-05 6.31e-05 0.0001 0.0001585 0.0002512 0.0003981 0.000631 0.001 0.001585 0.002512 0.003981 0.00631 0.01 0.01585 0.02512 0.03981 0.0631 0.1 0.1585 0.2512 0.3981 0.631 1.0 1.585 2.512 3.981 6.31 10.0 15.85 25.12 39.81 63.1 100.0 158.5 251.2 398.1 631.0 1000.0
kf [cm6 s-1]
2.083e-57
1.315e-57
8.3e-58
5.239e-58
3.306e-58
2.086e-58
1.316e-58
8.306e-59
5.241e-59
3.307e-59
2.086e-59
1.316e-59
8.306e-60
5.241e-60
3.307e-60
2.086e-60
1.317e-60
8.307e-61
5.241e-61
3.307e-61
2.087e-61
1.317e-61
8.307e-62
5.241e-62
3.307e-62
2.087e-62
1.317e-62
8.307e-63
5.241e-63
3.307e-63
2.087e-63
1.317e-63
8.307e-64
5.241e-64
3.307e-64
2.087e-64
1.317e-64
8.307e-65
5.241e-65
3.307e-65
2.087e-65
1.317e-65
8.307e-66
5.241e-66
3.307e-66
2.087e-66
1.317e-66
8.307e-67
5.241e-67
3.307e-67
2.087e-67
1.317e-67
8.307e-68
5.241e-68
3.307e-68
2.087e-68
1.911e-52
1.263e-52
8.213e-53
5.285e-53
3.377e-53
2.148e-53
1.362e-53
8.622e-54
5.451e-54
3.444e-54
2.175e-54
1.373e-54
8.665e-55
5.468e-55
3.451e-55
2.177e-55
1.374e-55
8.669e-56
5.47e-56
3.451e-56
2.178e-56
1.374e-56
8.67e-57
5.471e-57
3.452e-57
2.178e-57
1.374e-57
8.671e-58
5.471e-58
3.452e-58
2.178e-58
1.374e-58
8.671e-59
5.471e-59
3.452e-59
2.178e-59
1.374e-59
8.671e-60
5.471e-60
3.452e-60
2.178e-60
1.374e-60
8.671e-61
5.471e-61
3.452e-61
2.178e-61
1.374e-61
8.671e-62
5.471e-62
3.452e-62
2.178e-62
1.374e-62
8.671e-63
5.471e-63
3.452e-63
2.178e-63
2.596e-49
2.313e-49
1.973e-49
1.6e-49
1.231e-49
9.011e-50
6.327e-50
4.298e-50
2.849e-50
1.857e-50
1.197e-50
7.655e-51
4.872e-51
3.091e-51
1.957e-51
1.238e-51
7.819e-52
4.938e-52
3.117e-52
1.968e-52
1.242e-52
7.836e-53
4.945e-53
3.12e-53
1.969e-53
1.242e-53
7.838e-54
4.946e-54
3.12e-54
1.969e-54
1.242e-54
7.839e-55
4.946e-55
3.121e-55
1.969e-55
1.242e-55
7.839e-56
4.946e-56
3.121e-56
1.969e-56
1.242e-56
7.839e-57
4.946e-57
3.121e-57
1.969e-57
1.242e-57
7.839e-58
4.946e-58
3.121e-58
1.969e-58
1.242e-58
7.839e-59
4.946e-59
3.121e-59
1.969e-59
1.242e-59
2e-47
1.978e-47
1.943e-47
1.891e-47
1.813e-47
1.702e-47
1.552e-47
1.361e-47
1.139e-47
9.051e-48
6.828e-48
4.915e-48
3.404e-48
2.288e-48
1.506e-48
9.769e-49
6.275e-49
4.005e-49
2.545e-49
1.613e-49
1.021e-49
6.453e-50
4.076e-50
2.574e-50
1.625e-50
1.026e-50
6.472e-51
4.084e-51
2.577e-51
1.626e-51
1.026e-51
6.474e-52
4.085e-52
2.577e-52
1.626e-52
1.026e-52
6.474e-53
4.085e-53
2.578e-53
1.626e-53
1.026e-53
6.474e-54
4.085e-54
2.578e-54
1.626e-54
1.026e-54
6.474e-55
4.085e-55
2.578e-55
1.626e-55
1.026e-55
6.474e-56
4.085e-56
2.578e-56
1.626e-56
1.026e-56
5.424e-46
5.416e-46
5.404e-46
5.384e-46
5.354e-46
5.306e-46
5.233e-46
5.121e-46
4.952e-46
4.706e-46
4.362e-46
3.909e-46
3.356e-46
2.742e-46
2.125e-46
1.567e-46
1.106e-46
7.546e-47
5.018e-47
3.278e-47
2.115e-47
1.354e-47
8.622e-48
5.472e-48
3.465e-48
2.192e-48
1.385e-48
8.746e-49
5.522e-49
3.485e-49
2.2e-49
1.388e-49
8.759e-50
5.527e-50
3.488e-50
2.201e-50
1.389e-50
8.761e-51
5.528e-51
3.488e-51
2.201e-51
1.389e-51
8.761e-52
5.528e-52
3.488e-52
2.201e-52
1.389e-52
8.761e-53
5.528e-53
3.488e-53
2.201e-53
1.389e-53
8.761e-54
5.528e-54
3.488e-54
2.201e-54
2.606e-44
2.072e-44
1.646e-44
1.308e-44
1.039e-44
8.248e-45
7.81e-45
7.778e-45
7.729e-45
7.651e-45
7.532e-45
7.35e-45
7.079e-45
6.688e-45
6.149e-45
5.453e-45
4.623e-45
3.724e-45
2.847e-45
2.073e-45
1.449e-45
9.809e-46
6.487e-46
4.222e-46
2.717e-46
1.737e-46
1.105e-46
7.007e-47
4.436e-47
2.877e-47
2.128e-47
1.526e-47
1.05e-47
6.887e-48
4.283e-48
2.531e-48
1.429e-48
7.788e-49
4.461e-49
2.815e-49
1.776e-49
1.121e-49
7.071e-50
4.461e-50
2.815e-50
1.776e-50
1.121e-50
7.071e-51
4.461e-51
2.815e-51
1.776e-51
1.121e-51
7.071e-52
4.461e-52
2.815e-52
1.776e-52
9.5e-43
7.552e-43
6.002e-43
4.768e-43
3.787e-43
3.007e-43
2.387e-43
1.897e-43
1.507e-43
1.198e-43
9.513e-44
7.553e-44
7.032e-44
6.929e-44
6.771e-44
6.534e-44
6.192e-44
5.717e-44
5.097e-44
4.35e-44
3.529e-44
2.717e-44
1.99e-44
1.398e-44
9.5e-45
6.3e-45
4.107e-45
2.647e-45
1.693e-45
1.09e-45
8.212e-46
6.038e-46
4.294e-46
2.924e-46
1.894e-46
1.163e-46
6.797e-47
3.805e-47
2.061e-47
1.094e-47
6.902e-48
4.355e-48
2.748e-48
1.734e-48
1.094e-48
6.903e-49
4.355e-49
2.748e-49
1.734e-49
1.094e-49
6.903e-50
4.355e-50
2.748e-50
1.734e-50
1.094e-50
6.903e-51
2.997e-41
2.382e-41
1.893e-41
1.504e-41
1.194e-41
9.484e-42
7.528e-42
5.983e-42
4.755e-42
3.778e-42
3e-42
2.382e-42
1.891e-42
1.503e-42
1.194e-42
9.488e-43
7.536e-43
5.983e-43
4.749e-43
3.923e-43
3.584e-43
3.153e-43
2.648e-43
2.112e-43
1.599e-43
1.154e-43
8.011e-44
5.83e-44
4.559e-44
3.532e-44
2.7e-44
2.026e-44
1.48e-44
1.042e-44
7.018e-45
4.489e-45
2.723e-45
1.574e-45
8.745e-46
4.703e-46
2.471e-46
1.277e-46
6.525e-47
3.848e-47
2.428e-47
1.532e-47
9.665e-48
6.099e-48
3.848e-48
2.428e-48
1.532e-48
9.666e-49
6.099e-49
3.848e-49
2.428e-49
1.532e-49
1.56e-40
2.001e-40
2.541e-40
2.018e-40
1.603e-40
1.273e-40
1.01e-40
8.029e-41
6.381e-41
5.07e-41
4.027e-41
3.197e-41
2.538e-41
2.017e-41
1.603e-41
1.273e-41
1.011e-41
8.03e-42
6.374e-42
5.063e-42
4.023e-42
3.195e-42
2.536e-42
2.012e-42
1.595e-42
1.263e-42
9.997e-43
7.887e-43
6.195e-43
4.834e-43
3.734e-43
2.844e-43
2.123e-43
1.538e-43
1.072e-43
7.129e-44
4.5e-44
2.697e-44
1.544e-44
8.5e-45
4.541e-45
2.374e-45
1.223e-45
6.236e-46
3.473e-46
2.191e-46
1.383e-46
8.724e-47
5.505e-47
3.473e-47
2.192e-47
1.383e-47
8.725e-48
5.505e-48
3.473e-48
2.192e-48
3.035e-40
3.895e-40
4.947e-40
6.236e-40
7.813e-40
9.741e-40
1.197e-39
9.517e-40
7.564e-40
6.009e-40
4.773e-40
3.79e-40
3.008e-40
2.39e-40
1.9e-40
1.509e-40
1.199e-40
9.519e-41
7.555e-41
6.002e-41
4.769e-41
3.788e-41
3.008e-41
2.386e-41
1.892e-41
1.5e-41
1.189e-41
9.398e-42
7.406e-42
5.808e-42
4.521e-42
3.483e-42
2.642e-42
1.958e-42
1.406e-42
9.683e-43
6.353e-43
3.957e-43
2.344e-43
1.327e-43
7.239e-44
3.842e-44
1.999e-44
1.027e-44
5.232e-45
2.65e-45
1.393e-45
8.791e-46
5.547e-46
3.5e-46
2.208e-46
1.393e-46
8.792e-47
5.547e-47
3.5e-47
2.208e-47
3.605e-40
4.626e-40
5.876e-40
7.406e-40
9.28e-40
1.157e-39
1.438e-39
1.839e-39
2.338e-39
2.949e-39
3.342e-39
2.654e-39
2.106e-39
1.674e-39
1.33e-39
1.057e-39
8.395e-40
6.666e-40
5.291e-40
4.203e-40
3.34e-40
2.653e-40
2.107e-40
1.672e-40
1.326e-40
1.052e-40
8.341e-41
6.604e-41
5.216e-41
4.105e-41
3.213e-41
2.496e-41
1.917e-41
1.446e-41
1.063e-41
7.548e-42
5.132e-42
3.32e-42
2.04e-42
1.192e-42
6.672e-43
3.609e-43
1.903e-43
9.862e-44
5.056e-44
2.571e-44
1.3e-44
6.668e-45
4.207e-45
2.655e-45
1.675e-45
1.057e-45
6.669e-46
4.208e-46
2.655e-46
1.675e-46
2.726e-40
3.539e-40
4.517e-40
5.693e-40
7.11e-40
8.817e-40
1.088e-39
1.406e-39
1.797e-39
2.267e-39
2.834e-39
3.518e-39
4.342e-39
5.581e-39
7.145e-39
6.687e-39
5.311e-39
4.217e-39
3.347e-39
2.659e-39
2.113e-39
1.679e-39
1.333e-39
1.058e-39
8.395e-40
6.661e-40
5.286e-40
4.189e-40
3.313e-40
2.614e-40
2.054e-40
1.605e-40
1.244e-40
9.508e-41
7.122e-41
5.186e-41
3.638e-41
2.44e-41
1.555e-41
9.409e-42
5.423e-42
3.001e-42
1.609e-42
8.437e-43
4.36e-43
2.229e-43
1.131e-43
5.712e-44
2.876e-44
1.594e-44
1.006e-44
6.348e-45
4.005e-45
2.527e-45
1.595e-45
1.006e-45
1.729e-40
2.244e-40
2.864e-40
3.61e-40
4.509e-40
5.591e-40
6.899e-40
8.914e-40
1.139e-39
1.438e-39
1.797e-39
2.231e-39
2.753e-39
3.539e-39
4.531e-39
5.724e-39
7.163e-39
8.896e-39
1.099e-38
1.193e-38
9.481e-39
7.532e-39
5.982e-39
4.748e-39
3.768e-39
2.991e-39
2.374e-39
1.883e-39
1.491e-39
1.178e-39
9.281e-40
7.284e-40
5.682e-40
4.386e-40
3.334e-40
2.477e-40
1.784e-40
1.235e-40
8.16e-41
5.115e-41
3.045e-41
1.73e-41
9.47e-42
5.038e-42
2.63e-42
1.353e-42
6.899e-43
3.494e-43
1.762e-43
8.866e-44
4.974e-44
3.139e-44
1.981e-44
1.25e-44
7.885e-45
4.975e-45
1.234e-40
1.602e-40
2.045e-40
2.578e-40
3.219e-40
3.992e-40
4.926e-40
6.366e-40
8.135e-40
1.027e-39
1.283e-39
1.593e-39
1.966e-39
2.527e-39
3.235e-39
4.088e-39
5.115e-39
6.353e-39
7.847e-39
1.003e-38
1.286e-38
1.628e-38
2.038e-38
1.964e-38
1.558e-38
1.237e-38
9.824e-39
7.795e-39
6.178e-39
4.888e-39
3.858e-39
3.037e-39
2.381e-39
1.851e-39
1.422e-39
1.073e-39
7.898e-40
5.621e-40
3.837e-40
2.491e-40
1.534e-40
8.98e-41
5.033e-41
2.726e-41
1.441e-41
7.479e-42
3.834e-42
1.949e-42
9.856e-43
4.966e-43
2.5e-43
1.318e-43
8.318e-44
5.248e-44
3.312e-44
2.09e-44
8.79e-41
1.141e-40
1.456e-40
1.836e-40
2.293e-40
2.843e-40
3.508e-40
4.533e-40
5.793e-40
7.31e-40
9.136e-40
1.134e-39
1.4e-39
1.799e-39
2.304e-39
2.911e-39
3.643e-39
4.524e-39
5.588e-39
7.143e-39
9.161e-39
1.159e-38
1.452e-38
1.804e-38
2.23e-38
2.835e-38
3.212e-38
2.549e-38
2.022e-38
1.601e-38
1.266e-38
9.986e-39
7.854e-39
6.14e-39
4.755e-39
3.632e-39
2.719e-39
1.98e-39
1.39e-39
9.328e-40
5.943e-40
3.592e-40
2.068e-40
1.144e-40
6.142e-41
3.223e-41
1.664e-41
8.502e-42
4.312e-42
2.177e-42
1.097e-42
5.519e-43
3.041e-43
1.919e-43
1.211e-43
7.639e-44
6.8e-41
8.828e-41
1.127e-40
1.42e-40
1.774e-40
2.199e-40
2.714e-40
3.507e-40
4.482e-40
5.656e-40
7.068e-40
8.776e-40
1.083e-39
1.392e-39
1.782e-39
2.252e-39
2.818e-39
3.5e-39
4.323e-39
5.526e-39
7.088e-39
8.968e-39
1.123e-38
1.396e-38
1.725e-38
2.193e-38
2.818e-38
3.57e-38
4.476e-38
4.91e-38
3.885e-38
3.07e-38
2.421e-38
1.9e-38
1.481e-38
1.141e-38
8.656e-39
6.421e-39
4.621e-39
3.193e-39
2.102e-39
1.313e-39
7.784e-40
4.411e-40
2.412e-40
1.283e-40
6.684e-41
3.435e-41
1.749e-41
8.853e-42
4.47e-42
2.251e-42
1.131e-42
6.228e-43
3.93e-43
2.48e-43
5.264e-41
6.834e-41
8.722e-41
1.099e-40
1.373e-40
1.703e-40
2.101e-40
2.715e-40
3.469e-40
4.378e-40
5.472e-40
6.794e-40
8.385e-40
1.078e-39
1.38e-39
1.743e-39
2.182e-39
2.709e-39
3.347e-39
4.278e-39
5.487e-39
6.943e-39
8.694e-39
1.081e-38
1.335e-38
1.698e-38
2.182e-38
2.764e-38
3.465e-38
4.31e-38
5.33e-38
6.734e-38
6.302e-38
4.961e-38
3.883e-38
3.013e-38
2.309e-38
1.738e-38
1.276e-38
9.048e-39
6.138e-39
3.959e-39
2.421e-39
1.409e-39
7.874e-40
4.253e-40
2.242e-40
1.161e-40
5.941e-41
3.017e-41
1.526e-41
7.696e-42
3.871e-42
1.944e-42
1.151e-42
7.264e-43
4.325e-41
5.616e-41
7.167e-41
9.034e-41
1.128e-40
1.399e-40
1.727e-40
2.231e-40
2.851e-40
3.598e-40
4.497e-40
5.583e-40
6.891e-40
8.857e-40
1.134e-39
1.433e-39
1.793e-39
2.227e-39
2.75e-39
3.516e-39
4.509e-39
5.706e-39
7.145e-39
8.881e-39
1.098e-38
1.395e-38
1.793e-38
2.271e-38
2.848e-38
3.542e-38
4.381e-38
5.535e-38
7.126e-38
9.037e-38
9.63e-38
7.513e-38
5.803e-38
4.419e-38
3.298e-38
2.389e-38
1.665e-38
1.107e-38
6.984e-39
4.184e-39
2.394e-39
1.318e-39
7.037e-40
3.679e-40
1.894e-40
9.66e-41
4.901e-41
2.475e-41
1.246e-41
6.265e-42
3.144e-42
1.946e-42
3.56e-41
4.623e-41
5.901e-41
7.438e-41
9.291e-41
1.152e-40
1.422e-40
1.837e-40
2.348e-40
2.963e-40
3.703e-40
4.598e-40
5.675e-40
7.294e-40
9.339e-40
1.18e-39
1.477e-39
1.834e-39
2.265e-39
2.896e-39
3.714e-39
4.699e-39
5.884e-39
7.314e-39
9.039e-39
1.149e-38
1.477e-38
1.871e-38
2.345e-38
2.917e-38
3.608e-38
4.558e-38
5.869e-38
7.445e-38
9.343e-38
1.163e-37
1.283e-37
9.858e-38
7.453e-38
5.497e-38
3.921e-38
2.68e-38
1.743e-38
1.075e-38
6.317e-39
3.551e-39
1.927e-39
1.019e-39
5.287e-40
2.71e-40
1.379e-40
6.982e-41
3.521e-41
1.771e-41
8.893e-42
4.823e-42
3.061e-41
3.976e-41
5.076e-41
6.399e-41
7.994e-41
9.914e-41
1.223e-40
1.581e-40
2.021e-40
2.55e-40
3.187e-40
3.957e-40
4.884e-40
6.278e-40
8.039e-40
1.016e-39
1.271e-39
1.578e-39
1.95e-39
2.492e-39
3.197e-39
4.045e-39
5.065e-39
6.295e-39
7.78e-39
9.892e-39
1.271e-38
1.61e-38
2.019e-38
2.511e-38
3.105e-38
3.924e-38
5.052e-38
6.409e-38
8.042e-38
1.001e-37
1.238e-37
1.555e-37
1.6e-37
1.198e-37
8.711e-38
6.103e-38
4.083e-38
2.595e-38
1.567e-38
9.016e-39
4.983e-39
2.67e-39
1.399e-39
7.214e-40
3.687e-40
1.872e-40
9.454e-41
4.761e-41
2.392e-41
1.2e-41
2.632e-41
3.423e-41
4.372e-41
5.514e-41
6.89e-41
8.547e-41
1.055e-40
1.364e-40
1.743e-40
2.2e-40
2.75e-40
3.415e-40
4.215e-40
5.418e-40
6.937e-40
8.765e-40
1.097e-39
1.362e-39
1.683e-39
2.151e-39
2.759e-39
3.491e-39
4.371e-39
5.433e-39
6.715e-39
8.537e-39
1.097e-38
1.39e-38
1.742e-38
2.167e-38
2.68e-38
3.386e-38
4.36e-38
5.531e-38
6.942e-38
8.642e-38
1.069e-37
1.343e-37
1.731e-37
2.194e-37
1.742e-37
1.247e-37
8.559e-38
5.596e-38
3.476e-38
2.051e-38
1.157e-38
6.299e-39
3.337e-39
1.734e-39
8.909e-40
4.537e-40
2.297e-40
1.158e-40
5.825e-41
2.924e-41
2.337e-41
3.043e-41
3.89e-41
4.91e-41
6.137e-41
7.615e-41
9.402e-41
1.216e-40
1.554e-40
1.962e-40
2.453e-40
3.046e-40
3.759e-40
4.833e-40
6.189e-40
7.82e-40
9.786e-40
1.215e-39
1.501e-39
1.919e-39
2.461e-39
3.115e-39
3.9e-39
4.848e-39
5.991e-39
7.617e-39
9.789e-39
1.24e-38
1.555e-38
1.934e-38
2.391e-38
3.022e-38
3.891e-38
4.936e-38
6.194e-38
7.711e-38
9.538e-38
1.199e-37
1.545e-37
1.96e-37
2.456e-37
2.427e-37
1.704e-37
1.144e-37
7.309e-38
4.428e-38
2.556e-38
1.416e-38
7.599e-39
3.986e-39
2.06e-39
1.053e-39
5.347e-40
2.701e-40
1.36e-40
6.833e-41
2.062e-41
2.695e-41
3.454e-41
4.365e-41
5.463e-41
6.785e-41
8.384e-41
1.085e-40
1.388e-40
1.753e-40
2.192e-40
2.722e-40
3.361e-40
4.322e-40
5.535e-40
6.994e-40
8.753e-40
1.087e-39
1.343e-39
1.717e-39
2.202e-39
2.787e-39
3.49e-39
4.337e-39
5.361e-39
6.816e-39
8.759e-39
1.109e-38
1.391e-38
1.73e-38
2.14e-38
2.704e-38
3.481e-38
4.416e-38
5.542e-38
6.9e-38
8.535e-38
1.073e-37
1.383e-37
1.756e-37
2.205e-37
2.743e-37
3.116e-37
2.144e-37
1.406e-37
8.752e-38
5.174e-38
2.924e-38
1.593e-38
8.446e-39
4.399e-39
2.26e-39
1.151e-39
5.826e-40
2.937e-40
1.477e-40
1.859e-41
2.441e-41
3.138e-41
3.974e-41
4.981e-41
6.193e-41
7.659e-41
9.924e-41
1.271e-40
1.606e-40
2.008e-40
2.495e-40
3.081e-40
3.963e-40
5.077e-40
6.416e-40
8.031e-40
9.976e-40
1.232e-39
1.576e-39
2.021e-39
2.558e-39
3.203e-39
3.981e-39
4.92e-39
6.256e-39
8.039e-39
1.018e-38
1.277e-38
1.588e-38
1.964e-38
2.482e-38
3.195e-38
4.054e-38
5.087e-38
6.333e-38
7.834e-38
9.845e-38
1.27e-37
1.612e-37
2.025e-37
2.519e-37
3.116e-37
3.845e-37
2.586e-37
1.653e-37
1.002e-37
5.785e-38
3.206e-38
1.721e-38
9.042e-39
4.674e-39
2.389e-39
1.213e-39
6.124e-40
3.082e-40
1.634e-41
2.173e-41
2.814e-41
3.583e-41
4.509e-41
5.623e-41
6.97e-41
9.057e-41
1.162e-40
1.47e-40
1.841e-40
2.289e-40
2.828e-40
3.64e-40
4.665e-40
5.898e-40
7.384e-40
9.173e-40
1.133e-39
1.449e-39
1.859e-39
2.353e-39
2.947e-39
3.663e-39
4.527e-39
5.757e-39
7.398e-39
9.371e-39
1.175e-38
1.461e-38
1.808e-38
2.284e-38
2.941e-38
3.731e-38
4.682e-38
5.829e-38
7.21e-38
9.061e-38
1.169e-37
1.485e-37
1.865e-37
2.322e-37
2.875e-37
3.586e-37
4.432e-37
2.905e-37
1.806e-37
1.067e-37
6.026e-38
3.282e-38
1.742e-38
9.067e-39
4.657e-39
2.371e-39
1.2e-39
6.046e-40
1.454e-41
1.961e-41
2.562e-41
3.281e-41
4.146e-41
5.188e-41
6.449e-41
8.413e-41
1.082e-40
1.371e-40
1.719e-40
2.139e-40
2.645e-40
3.408e-40
4.37e-40
5.528e-40
6.923e-40
8.602e-40
1.063e-39
1.36e-39
1.745e-39
2.208e-39
2.766e-39
3.438e-39
4.249e-39
5.403e-39
6.944e-39
8.796e-39
1.103e-38
1.372e-38
1.697e-38
2.144e-38
2.761e-38
3.502e-38
4.395e-38
5.472e-38
6.769e-38
8.507e-38
1.097e-37
1.394e-37
1.751e-37
2.18e-37
2.698e-37
3.366e-37
4.312e-37
4.912e-37
3.132e-37
1.895e-37
1.092e-37
6.043e-38
3.246e-38
1.703e-38
8.799e-39
4.495e-39
2.28e-39
1.151e-39
1.204e-41
1.68e-41
2.243e-41
2.915e-41
3.724e-41
4.699e-41
5.88e-41
7.733e-41
9.999e-41
1.272e-40
1.599e-40
1.994e-40
2.47e-40
3.188e-40
4.094e-40
5.183e-40
6.496e-40
8.076e-40
9.985e-40
1.278e-39
1.64e-39
2.076e-39
2.601e-39
3.233e-39
3.997e-39
5.083e-39
6.533e-39
8.276e-39
1.038e-38
1.291e-38
1.597e-38
2.017e-38
2.598e-38
3.296e-38
4.136e-38
5.149e-38
6.37e-38
8.005e-38
1.033e-37
1.312e-37
1.648e-37
2.052e-37
2.541e-37
3.172e-37
4.079e-37
5.151e-37
5.12e-37
3.173e-37
1.868e-37
1.052e-37
5.729e-38
3.036e-38
1.578e-38
8.1e-39
4.12e-39
2.084e-39
1.011e-41
1.46e-41
1.988e-41
2.618e-41
3.378e-41
4.297e-41
5.413e-41
7.189e-41
9.355e-41
1.195e-40
1.507e-40
1.884e-40
2.338e-40
3.025e-40
3.892e-40
4.933e-40
6.187e-40
7.697e-40
9.521e-40
1.219e-39
1.565e-39
1.982e-39
2.484e-39
3.089e-39
3.818e-39
4.857e-39
6.243e-39
7.909e-39
9.917e-39
1.234e-38
1.526e-38
1.928e-38
2.483e-38
3.15e-38
3.953e-38
4.922e-38
6.089e-38
7.652e-38
9.872e-38
1.254e-37
1.575e-37
1.962e-37
2.429e-37
3.033e-37
3.905e-37
4.937e-37
6.163e-37
5.137e-37
3.094e-37
1.776e-37
9.815e-38
5.258e-38
2.755e-38
1.421e-38
7.253e-39
3.676e-39
7.276e-42
1.117e-41
1.595e-41
2.177e-41
2.884e-41
3.744e-41
4.796e-41
6.5e-41
8.572e-41
1.105e-40
1.403e-40
1.763e-40
2.197e-40
2.856e-40
3.687e-40
4.684e-40
5.885e-40
7.331e-40
9.077e-40
1.164e-39
1.495e-39
1.895e-39
2.375e-39
2.954e-39
3.653e-39
4.648e-39
5.976e-39
7.572e-39
9.496e-39
1.181e-38
1.461e-38
1.847e-38
2.378e-38
3.017e-38
3.787e-38
4.715e-38
5.832e-38
7.33e-38
9.457e-38
1.201e-37
1.509e-37
1.88e-37
2.327e-37
2.906e-37
3.748e-37
4.75e-37
5.945e-37
7.39e-37
4.879e-37
2.859e-37
1.606e-37
8.711e-38
4.604e-38
2.389e-38
1.225e-38
6.222e-39
5.246e-42
8.504e-42
1.285e-41
1.826e-41
2.487e-41
3.291e-41
4.277e-41
5.922e-41
7.917e-41
1.03e-40
1.317e-40
1.664e-40
2.082e-40
2.723e-40
3.529e-40
4.496e-40
5.659e-40
7.06e-40
8.752e-40
1.124e-39
1.446e-39
1.833e-39
2.299e-39
2.861e-39
3.538e-39
4.503e-39
5.792e-39
7.34e-39
9.206e-39
1.145e-38
1.417e-38
1.791e-38
2.306e-38
2.926e-38
3.673e-38
4.573e-38
5.657e-38
7.109e-38
9.173e-38
1.165e-37
1.464e-37
1.823e-37
2.257e-37
2.819e-37
3.638e-37
4.614e-37
5.778e-37
7.178e-37
7.472e-37
4.471e-37
2.557e-37
1.406e-37
7.509e-38
3.924e-38
2.02e-38
1.03e-38
3.528e-42
5.728e-42
8.912e-42
1.328e-41
1.896e-41
2.614e-41
3.513e-41
5.069e-41
6.974e-41
9.259e-41
1.201e-40
1.535e-40
1.938e-40
2.562e-40
3.346e-40
4.285e-40
5.414e-40
6.773e-40
8.415e-40
1.083e-39
1.396e-39
1.773e-39
2.225e-39
2.771e-39
3.429e-39
4.367e-39
5.62e-39
7.124e-39
8.937e-39
1.112e-38
1.376e-38
1.739e-38
2.24e-38
2.843e-38
3.568e-38
4.443e-38
5.496e-38
6.908e-38
8.913e-38
1.132e-37
1.422e-37
1.772e-37
2.194e-37
2.74e-37
3.538e-37
4.493e-37
5.635e-37
7.009e-37
8.689e-37
6.714e-37
3.913e-37
2.185e-37
1.18e-37
6.216e-38
3.218e-38
1.646e-38
2.337e-42
3.852e-42
6.142e-42
9.521e-42
1.432e-41
2.077e-41
2.906e-41
4.364e-41
6.183e-41
8.373e-41
1.102e-40
1.423e-40
1.813e-40
2.425e-40
3.194e-40
4.113e-40
5.218e-40
6.548e-40
8.156e-40
1.053e-39
1.36e-39
1.73e-39
2.174e-39
2.709e-39
3.355e-39
4.276e-39
5.506e-39
6.983e-39
8.762e-39
1.091e-38
1.35e-38
1.706e-38
2.198e-38
2.789e-38
3.501e-38
4.36e-38
5.394e-38
6.779e-38
8.747e-38
1.111e-37
1.396e-37
1.739e-37
2.153e-37
2.689e-37
3.474e-37
4.413e-37
5.537e-37
6.888e-37
8.527e-37
9.826e-37
5.84e-37
3.316e-37
1.813e-37
9.64e-38
5.022e-38
2.58e-38
1.622e-42
2.683e-42
4.293e-42
6.686e-42
1.016e-41
1.506e-41
2.173e-41
3.383e-41
5.006e-41
7.038e-41
9.534e-41
1.26e-40
1.635e-40
2.234e-40
2.988e-40
3.887e-40
4.969e-40
6.272e-40
7.848e-40
1.018e-39
1.321e-39
1.684e-39
2.12e-39
2.646e-39
3.281e-39
4.187e-39
5.396e-39
6.848e-39
8.597e-39
1.07e-38
1.325e-38
1.676e-38
2.159e-38
2.74e-38
3.44e-38
4.284e-38
5.301e-38
6.663e-38
8.598e-38
1.092e-37
1.372e-37
1.709e-37
2.117e-37
2.644e-37
3.416e-37
4.342e-37
5.453e-37
6.789e-37
8.409e-37
1.045e-36
8.421e-37
4.865e-37
2.698e-37
1.449e-37
7.604e-38
3.926e-38
1.099e-42
1.828e-42
2.944e-42
4.63e-42
7.144e-42
1.083e-41
1.614e-41
2.592e-41
4.01e-41
5.893e-41
8.266e-41
1.12e-40
1.48e-40
2.067e-40
2.807e-40
3.69e-40
4.754e-40
6.036e-40
7.589e-40
9.905e-40
1.291e-39
1.65e-39
2.082e-39
2.603e-39
3.232e-39
4.13e-39
5.329e-39
6.768e-39
8.502e-39
1.059e-38
1.311e-38
1.659e-38
2.138e-38
2.714e-38
3.408e-38
4.244e-38
5.252e-38
6.602e-38
8.52e-38
1.082e-37
1.36e-37
1.694e-37
2.098e-37
2.62e-37
3.386e-37
4.305e-37
5.407e-37
6.733e-37
8.336e-37
1.035e-36
1.187e-36
6.986e-37
3.933e-37
2.136e-37
1.13e-37
5.868e-38
7.874e-43
1.312e-42
2.12e-42
3.347e-42
5.189e-42
7.918e-42
1.191e-41
1.922e-41
3.011e-41
4.544e-41
6.599e-41
9.255e-41
1.259e-40
1.819e-40
2.538e-40
3.401e-40
4.444e-40
5.705e-40
7.234e-40
9.534e-40
1.251e-39
1.608e-39
2.036e-39
2.552e-39
3.175e-39
4.067e-39
5.258e-39
6.686e-39
8.406e-39
1.048e-38
1.298e-38
1.643e-38
2.119e-38
2.691e-38
3.379e-38
4.209e-38
5.209e-38
6.549e-38
8.453e-38
1.074e-37
1.35e-37
1.681e-37
2.082e-37
2.6e-37
3.361e-37
4.273e-37
5.37e-37
6.691e-37
8.287e-37
1.029e-36
1.308e-36
9.737e-37
5.571e-37
3.065e-37
1.636e-37
8.549e-38
5.557e-43
9.27e-43
1.5e-42
2.375e-42
3.697e-42
5.676e-42
8.618e-42
1.407e-41
2.241e-41
3.468e-41
5.214e-41
7.603e-41
1.072e-40
1.601e-40
2.298e-40
3.142e-40
4.165e-40
5.405e-40
6.913e-40
9.206e-40
1.218e-39
1.574e-39
2e-39
2.515e-39
3.136e-39
4.027e-39
5.218e-39
6.645e-39
8.363e-39
1.043e-38
1.293e-38
1.638e-38
2.113e-38
2.685e-38
3.373e-38
4.202e-38
5.201e-38
6.54e-38
8.442e-38
1.073e-37
1.348e-37
1.679e-37
2.079e-37
2.598e-37
3.357e-37
4.27e-37
5.367e-37
6.687e-37
8.28e-37
1.028e-36
1.308e-36
1.331e-36
7.743e-37
4.318e-37
2.329e-37
1.226e-37
4.118e-43
6.874e-43
1.114e-42
1.765e-42
2.753e-42
4.237e-42
6.458e-42
1.06e-41
1.698e-41
2.648e-41
4.025e-41
5.973e-41
8.623e-41
1.322e-40
1.961e-40
2.763e-40
3.753e-40
4.963e-40
6.444e-40
8.726e-40
1.169e-39
1.524e-39
1.949e-39
2.462e-39
3.082e-39
3.974e-39
5.165e-39
6.592e-39
8.31e-39
1.038e-38
1.288e-38
1.633e-38
2.108e-38
2.68e-38
3.368e-38
4.197e-38
5.196e-38
6.535e-38
8.438e-38
1.072e-37
1.348e-37
1.679e-37
2.079e-37
2.598e-37
3.358e-37
4.271e-37
5.369e-37
6.693e-37
8.289e-37
1.029e-36
1.314e-36
1.65e-36
1.049e-36
5.937e-37
3.239e-37
1.718e-37
3.019e-43
5.041e-43
8.17e-43
1.296e-42
2.023e-42
3.12e-42
4.767e-42
7.857e-42
1.267e-41
1.992e-41
3.068e-41
4.638e-41
6.87e-41
1.081e-40
1.657e-40
2.418e-40
3.378e-40
4.56e-40
6.013e-40
8.284e-40
1.125e-39
1.479e-39
1.904e-39
2.418e-39
3.039e-39
3.936e-39
5.135e-39
6.569e-39
8.296e-39
1.038e-38
1.289e-38
1.635e-38
2.114e-38
2.689e-38
3.381e-38
4.215e-38
5.219e-38
6.566e-38
8.48e-38
1.078e-37
1.355e-37
1.688e-37
2.09e-37
2.612e-37
3.376e-37
4.295e-37
5.4e-37
6.732e-37
8.336e-37
1.034e-36
1.323e-36
1.662e-36
1.397e-36
8.028e-37
4.433e-37
2.373e-37
2.308e-43
3.854e-43
6.248e-43
9.915e-43
1.549e-42
2.39e-42
3.656e-42
6.04e-42
9.769e-42
1.543e-41
2.389e-41
3.639e-41
5.448e-41
8.65e-41
1.347e-40
2.012e-40
2.892e-40
4.01e-40
5.408e-40
7.634e-40
1.057e-39
1.411e-39
1.835e-39
2.349e-39
2.97e-39
3.873e-39
5.081e-39
6.524e-39
8.261e-39
1.035e-38
1.288e-38
1.637e-38
2.119e-38
2.698e-38
3.394e-38
4.233e-38
5.244e-38
6.6e-38
8.527e-38
1.084e-37
1.363e-37
1.698e-37
2.103e-37
2.628e-37
3.398e-37
4.323e-37
5.436e-37
6.777e-37
8.394e-37
1.042e-36
1.336e-36
1.681e-36
1.818e-36
1.062e-36
5.942e-37
3.213e-37
1.75e-43
2.922e-43
4.738e-43
7.52e-43
1.175e-42
1.814e-42
2.778e-42
4.595e-42
7.446e-42
1.18e-41
1.835e-41
2.814e-41
4.255e-41
6.841e-41
1.083e-40
1.658e-40
2.455e-40
3.509e-40
4.858e-40
7.028e-40
9.941e-40
1.346e-39
1.771e-39
2.285e-39
2.908e-39
3.82e-39
5.041e-39
6.499e-39
8.253e-39
1.036e-38
1.291e-38
1.645e-38
2.132e-38
2.717e-38
3.421e-38
4.27e-38
5.292e-38
6.663e-38
8.612e-38
1.095e-37
1.377e-37
1.716e-37
2.126e-37
2.657e-37
3.435e-37
4.371e-37
5.496e-37
6.853e-37
8.488e-37
1.053e-36
1.352e-36
1.703e-36
2.125e-36
1.383e-36
7.848e-37
4.29e-37
1.375e-43
2.296e-43
3.723e-43
5.909e-43
9.236e-43
1.426e-42
2.184e-42
3.616e-42
5.867e-42
9.309e-42
1.451e-41
2.234e-41
3.394e-41
5.492e-41
8.763e-41
1.355e-40
2.036e-40
2.969e-40
4.205e-40
6.231e-40
9.04e-40
1.251e-39
1.672e-39
2.185e-39
2.81e-39
3.729e-39
4.964e-39
6.437e-39
8.209e-39
1.034e-38
1.292e-38
1.649e-38
2.143e-38
2.735e-38
3.447e-38
4.306e-38
5.34e-38
6.727e-38
8.7e-38
1.107e-37
1.392e-37
1.735e-37
2.15e-37
2.687e-37
3.475e-37
4.422e-37
5.561e-37
6.935e-37
8.59e-37
1.066e-36
1.371e-36
1.73e-36
2.159e-36
1.766e-36
1.017e-36
5.624e-37
1.073e-43
1.792e-43
2.906e-43
4.613e-43
7.211e-43
1.114e-42
1.706e-42
2.826e-42
4.588e-42
7.287e-42
1.138e-41
1.755e-41
2.676e-41
4.355e-41
7.005e-41
1.095e-40
1.671e-40
2.488e-40
3.614e-40
5.487e-40
8.179e-40
1.159e-39
1.578e-39
2.09e-39
2.715e-39
3.644e-39
4.896e-39
6.388e-39
8.181e-39
1.034e-38
1.295e-38
1.658e-38
2.16e-38
2.762e-38
3.485e-38
4.357e-38
5.406e-38
6.816e-38
8.82e-38
1.122e-37
1.412e-37
1.761e-37
2.182e-37
2.727e-37
3.528e-37
4.49e-37
5.647e-37
7.043e-37
8.724e-37
1.083e-36
1.394e-36
1.76e-36
2.197e-36
2.223e-36
1.3e-36
7.28e-37
8.635e-44
1.442e-43
2.339e-43
3.713e-43
5.804e-43
8.965e-43
1.374e-42
2.275e-42
3.696e-42
5.873e-42
9.179e-42
1.418e-41
2.166e-41
3.536e-41
5.712e-41
8.982e-41
1.381e-40
2.079e-40
3.062e-40
4.716e-40
7.168e-40
1.04e-39
1.448e-39
1.953e-39
2.575e-39
3.509e-39
4.774e-39
6.283e-39
8.1e-39
1.029e-38
1.294e-38
1.662e-38
2.173e-38
2.784e-38
3.519e-38
4.404e-38
5.471e-38
6.903e-38
8.941e-38
1.138e-37
1.433e-37
1.787e-37
2.215e-37
2.77e-37
3.583e-37
4.561e-37
5.738e-37
7.156e-37
8.866e-37
1.101e-36
1.418e-36
1.793e-36
2.241e-36
2.748e-36
1.633e-36
9.268e-37
6.913e-44
1.155e-43
1.873e-43
2.973e-43
4.647e-43
7.178e-43
1.1e-42
1.822e-42
2.961e-42
4.707e-42
7.36e-42
1.138e-41
1.74e-41
2.848e-41
4.616e-41
7.294e-41
1.129e-40
1.717e-40
2.565e-40
4.015e-40
6.228e-40
9.262e-40
1.322e-39
1.821e-39
2.44e-39
3.377e-39
4.655e-39
6.185e-39
8.026e-39
1.025e-38
1.294e-38
1.669e-38
2.19e-38
2.813e-38
3.562e-38
4.464e-38
5.55e-38
7.011e-38
9.089e-38
1.158e-37
1.458e-37
1.82e-37
2.256e-37
2.821e-37
3.651e-37
4.648e-37
5.848e-37
7.294e-37
9.037e-37
1.122e-36
1.447e-36
1.831e-36
2.289e-36
2.845e-36
2.025e-36
1.166e-36
5.682e-44
9.491e-44
1.539e-43
2.443e-43
3.82e-43
5.9e-43
9.041e-43
1.498e-42
2.434e-42
3.871e-42
6.055e-42
9.364e-42
1.433e-41
2.349e-41
3.814e-41
6.044e-41
9.397e-41
1.436e-40
2.163e-40
3.416e-40
5.359e-40
8.093e-40
1.178e-39
1.656e-39
2.26e-39
3.187e-39
4.469e-39
6.013e-39
7.877e-39
1.013e-38
1.286e-38
1.669e-38
2.2e-38
2.835e-38
3.599e-38
4.518e-38
5.625e-38
7.115e-38
9.236e-38
1.178e-37
1.484e-37
1.852e-37
2.297e-37
2.874e-37
3.72e-37
4.737e-37
5.962e-37
7.437e-37
9.215e-37
1.144e-36
1.477e-36
1.871e-36
2.34e-36
2.91e-36
2.472e-36
1.444e-36
4.651e-44
7.769e-44
1.26e-43
2e-43
3.127e-43
4.83e-43
7.401e-43
1.226e-42
1.993e-42
3.17e-42
4.959e-42
7.672e-42
1.175e-41
1.927e-41
3.134e-41
4.976e-41
7.76e-41
1.191e-40
1.806e-40
2.878e-40
4.57e-40
7.012e-40
1.041e-39
1.497e-39
2.087e-39
3.001e-39
4.283e-39
5.842e-39
7.73e-39
1.002e-38
1.279e-38
1.67e-38
2.213e-38
2.862e-38
3.642e-38
4.581e-38
5.713e-38
7.236e-38
9.406e-38
1.201e-37
1.514e-37
1.89e-37
2.345e-37
2.935e-37
3.801e-37
4.841e-37
6.093e-37
7.602e-37
9.42e-37
1.17e-36
1.511e-36
1.915e-36
2.397e-36
2.98e-36
2.982e-36
1.768e-36
3.894e-44
6.505e-44
1.055e-43
1.675e-43
2.618e-43
4.044e-43
6.197e-43
1.027e-42
1.669e-42
2.654e-42
4.154e-42
6.428e-42
9.846e-42
1.616e-41
2.63e-41
4.181e-41
6.532e-41
1.006e-40
1.53e-40
2.453e-40
3.922e-40
6.074e-40
9.13e-40
1.333e-39
1.891e-39
2.768e-39
4.027e-39
5.585e-39
7.488e-39
9.802e-39
1.262e-38
1.66e-38
2.216e-38
2.879e-38
3.675e-38
4.635e-38
5.791e-38
7.35e-38
9.571e-38
1.223e-37
1.543e-37
1.929e-37
2.394e-37
2.997e-37
3.883e-37
4.948e-37
6.229e-37
7.773e-37
9.633e-37
1.196e-36
1.546e-36
1.962e-36
2.457e-36
3.055e-36
3.547e-36
2.135e-36
3.251e-44
5.43e-44
8.806e-44
1.398e-43
2.185e-43
3.376e-43
5.173e-43
8.572e-43
1.393e-42
2.216e-42
3.468e-42
5.366e-42
8.222e-42
1.35e-41
2.198e-41
3.498e-41
5.471e-41
8.44e-41
1.288e-40
2.074e-40
3.339e-40
5.218e-40
7.939e-40
1.178e-39
1.703e-39
2.54e-39
3.769e-39
5.324e-39
7.243e-39
9.585e-39
1.244e-38
1.651e-38
2.219e-38
2.898e-38
3.713e-38
4.695e-38
5.879e-38
7.477e-38
9.755e-38
1.248e-37
1.577e-37
1.972e-37
2.448e-37
3.067e-37
3.976e-37
5.067e-37
6.381e-37
7.964e-37
9.871e-37
1.226e-36
1.585e-36
2.012e-36
2.522e-36
3.136e-36
3.896e-36
2.551e-36
2.767e-44
4.623e-44
7.496e-44
1.19e-43
1.86e-43
2.873e-43
4.403e-43
7.297e-43
1.186e-42
1.886e-42
2.952e-42
4.569e-42
7.002e-42
1.15e-41
1.873e-41
2.982e-41
4.668e-41
7.21e-41
1.102e-40
1.78e-40
2.878e-40
4.524e-40
6.935e-40
1.039e-39
1.522e-39
2.3e-39
3.469e-39
4.988e-39
6.899e-39
9.254e-39
1.214e-38
1.628e-38
2.209e-38
2.903e-38
3.737e-38
4.742e-38
5.954e-38
7.592e-38
9.93e-38
1.273e-37
1.61e-37
2.014e-37
2.503e-37
3.138e-37
4.153e-37
5.237e-37
6.537e-37
8.161e-37
1.012e-36
1.257e-36
1.626e-36
2.065e-36
2.59e-36
3.222e-36
4.001e-36
3.009e-36
2.351e-44
3.929e-44
6.37e-44
1.011e-43
1.58e-43
2.44e-43
3.739e-43
6.196e-43
1.007e-42
1.602e-42
2.507e-42
3.88e-42
5.946e-42
9.764e-42
1.591e-41
2.534e-41
3.97e-41
6.136e-41
9.392e-41
1.521e-40
2.467e-40
3.896e-40
6.013e-40
9.096e-40
1.349e-39
2.068e-39
3.172e-39
4.649e-39
6.547e-39
8.916e-39
1.184e-38
1.604e-38
2.198e-38
2.908e-38
3.762e-38
4.793e-38
6.035e-38
7.717e-38
1.012e-37
1.299e-37
1.645e-37
2.061e-37
2.563e-37
3.278e-37
4.464e-37
5.676e-37
6.77e-37
8.376e-37
1.039e-36
1.29e-36
1.67e-36
2.123e-36
2.663e-36
3.313e-36
4.112e-36
3.514e-36
2.029e-44
3.395e-44
5.504e-44
8.734e-44
1.365e-43
2.108e-43
3.229e-43
5.352e-43
8.698e-43
1.384e-42
2.165e-42
3.352e-42
5.137e-42
8.436e-42
1.375e-41
2.19e-41
3.433e-41
5.309e-41
8.132e-41
1.319e-40
2.144e-40
3.396e-40
5.265e-40
8.014e-40
1.198e-39
1.855e-39
2.879e-39
4.281e-39
6.128e-39
8.475e-39
1.14e-38
1.565e-38
2.17e-38
2.895e-38
3.769e-38
4.825e-38
6.098e-38
7.825e-38
1.03e-37
1.325e-37
1.68e-37
2.108e-37
2.623e-37
3.475e-37
4.77e-37
6.114e-37
7.35e-37
8.598e-37
1.066e-36
1.325e-36
1.716e-36
2.182e-36
2.739e-36
3.408e-36
4.231e-36
4.057e-36
1.756e-44
2.94e-44
4.762e-44
7.546e-44
1.178e-43
1.818e-43
2.785e-43
4.615e-43
7.5e-43
1.193e-42
1.867e-42
2.889e-42
4.428e-42
7.273e-42
1.186e-41
1.889e-41
2.961e-41
4.581e-41
7.022e-41
1.14e-40
1.856e-40
2.948e-40
4.587e-40
7.017e-40
1.057e-39
1.652e-39
2.595e-39
3.918e-39
5.704e-39
8.025e-39
1.096e-38
1.524e-38
2.139e-38
2.881e-38
3.776e-38
4.857e-38
6.163e-38
7.939e-38
1.048e-37
1.352e-37
1.718e-37
2.157e-37
2.688e-37
3.678e-37
5.087e-37
6.574e-37
7.963e-37
9.105e-37
1.096e-36
1.363e-36
1.765e-36
2.246e-36
2.82e-36
3.51e-36
4.356e-36
4.641e-36
1.531e-44
2.574e-44
4.173e-44
6.61e-44
1.031e-43
1.591e-43
2.436e-43
4.039e-43
6.564e-43
1.044e-42
1.634e-42
2.529e-42
3.876e-42
6.366e-42
1.038e-41
1.654e-41
2.593e-41
4.012e-41
6.152e-41
9.994e-41
1.629e-40
2.592e-40
4.042e-40
6.205e-40
9.389e-40
1.478e-39
2.341e-39
3.571e-39
5.267e-39
7.518e-39
1.042e-38
1.469e-38
2.089e-38
2.844e-38
3.759e-38
4.866e-38
6.205e-38
8.029e-38
1.065e-37
1.378e-37
1.754e-37
2.206e-37
2.762e-37
3.874e-37
5.398e-37
7.03e-37
8.581e-37
9.879e-37
1.127e-36
1.401e-36
1.816e-36
2.311e-36
2.904e-36
3.616e-36
4.488e-36
5.254e-36
1.351e-44
2.279e-44
3.687e-44
5.821e-44
9.056e-44
1.394e-43
2.131e-43
3.534e-43
5.741e-43
9.128e-43
1.428e-42
2.21e-42
3.387e-42
5.562e-42
9.068e-42
1.445e-41
2.266e-41
3.507e-41
5.379e-41
8.743e-41
1.427e-40
2.272e-40
3.55e-40
5.465e-40
8.302e-40
1.315e-39
2.099e-39
3.236e-39
4.836e-39
7.007e-39
9.861e-39
1.411e-38
2.035e-38
2.804e-38
3.739e-38
4.873e-38
6.246e-38
8.122e-38
1.082e-37
1.404e-37
1.791e-37
2.257e-37
2.89e-37
4.075e-37
5.719e-37
7.504e-37
9.229e-37
1.07e-36
1.179e-36
1.443e-36
1.871e-36
2.382e-36
2.994e-36
3.728e-36
4.626e-36
5.751e-36
1.184e-44
2.015e-44
3.268e-44
5.161e-44
8.022e-44
1.234e-43
1.885e-43
3.13e-43
5.086e-43
8.085e-43
1.265e-42
1.957e-42
2.998e-42
4.925e-42
8.03e-42
1.28e-41
2.007e-41
3.107e-41
4.766e-41
7.748e-41
1.265e-40
2.017e-40
3.155e-40
4.865e-40
7.412e-40
1.178e-39
1.893e-39
2.939e-39
4.433e-39
6.498e-39
9.263e-39
1.343e-38
1.964e-38
2.74e-38
3.692e-38
4.851e-38
6.258e-38
8.185e-38
1.096e-37
1.428e-37
1.827e-37
2.306e-37
3.01e-37
4.268e-37
6.03e-37
7.972e-37
9.879e-37
1.153e-36
1.278e-36
1.485e-36
1.927e-36
2.454e-36
3.086e-36
3.845e-36
4.771e-36
5.929e-36
1.065e-44
1.82e-44
2.948e-44
4.639e-44
7.179e-44
1.099e-43
1.674e-43
2.781e-43
4.514e-43
7.167e-43
1.12e-42
1.732e-42
2.652e-42
4.357e-42
7.103e-42
1.132e-41
1.775e-41
2.748e-41
4.216e-41
6.856e-41
1.12e-40
1.786e-40
2.797e-40
4.32e-40
6.595e-40
1.052e-39
1.698e-39
2.655e-39
4.041e-39
5.992e-39
8.657e-39
1.273e-38
1.888e-38
2.671e-38
3.639e-38
4.824e-38
6.265e-38
8.245e-38
1.111e-37
1.453e-37
1.864e-37
2.358e-37
3.133e-37
4.464e-37
6.349e-37
8.455e-37
1.055e-36
1.24e-36
1.383e-36
1.53e-36
1.986e-36
2.531e-36
3.184e-36
3.968e-36
4.923e-36
6.114e-36
9.365e-45
1.617e-44
2.63e-44
4.143e-44
6.41e-44
9.806e-44
1.492e-43
2.489e-43
4.045e-43
6.419e-43
1.002e-42
1.549e-42
2.373e-42
3.899e-42
6.357e-42
1.013e-41
1.588e-41
2.459e-41
3.773e-41
6.137e-41
1.003e-40
1.6e-40
2.507e-40
3.876e-40
5.927e-40
9.48e-40
1.536e-39
2.413e-39
3.696e-39
5.525e-39
8.065e-39
1.199e-38
1.801e-38
2.581e-38
3.56e-38
4.766e-38
6.239e-38
8.269e-38
1.122e-37
1.474e-37
1.897e-37
2.407e-37
3.249e-37
4.651e-37
6.657e-37
8.928e-37
1.123e-36
1.329e-36
1.49e-36
1.61e-36
2.047e-36
2.61e-36
3.285e-36
4.095e-36
5.081e-36
6.309e-36
8.545e-45
1.482e-44
2.409e-44
3.785e-44
5.832e-44
8.882e-44
1.345e-43
2.249e-43
3.65e-43
5.778e-43
9e-43
1.388e-42
2.123e-42
3.489e-42
5.687e-42
9.059e-42
1.42e-41
2.198e-41
3.373e-41
5.488e-41
8.967e-41
1.432e-40
2.244e-40
3.472e-40
5.315e-40
8.518e-40
1.384e-39
2.184e-39
3.364e-39
5.069e-39
7.475e-39
1.124e-38
1.711e-38
2.486e-38
3.473e-38
4.7e-38
6.205e-38
8.288e-38
1.132e-37
1.495e-37
1.931e-37
2.457e-37
3.366e-37
4.841e-37
6.971e-37
9.414e-37
1.192e-36
1.42e-36
1.602e-36
1.74e-36
2.112e-36
2.693e-36
3.391e-36
4.228e-36
5.247e-36
6.513e-36
7.56e-45
1.321e-44
2.155e-44
3.392e-44
5.229e-44
7.961e-44
1.205e-43
2.029e-43
3.302e-43
5.227e-43
8.135e-43
1.254e-42
1.916e-42
3.152e-42
5.139e-42
8.186e-42
1.283e-41
1.986e-41
3.047e-41
4.958e-41
8.103e-41
1.294e-40
2.029e-40
3.141e-40
4.812e-40
7.723e-40
1.257e-39
1.99e-39
3.079e-39
4.666e-39
6.933e-39
1.052e-38
1.618e-38
2.379e-38
3.364e-38
4.604e-38
6.136e-38
8.265e-38
1.138e-37
1.511e-37
1.961e-37
2.503e-37
3.476e-37
5.021e-37
7.273e-37
9.887e-37
1.261e-36
1.513e-36
1.716e-36
1.873e-36
2.178e-36
2.779e-36
3.5e-36
4.366e-36
5.419e-36
6.725e-36
6.967e-45
1.221e-44
1.993e-44
3.132e-44
4.817e-44
7.307e-44
1.102e-43
1.862e-43
3.028e-43
4.78e-43
7.411e-43
1.138e-42
1.734e-42
2.854e-42
4.651e-42
7.402e-42
1.159e-41
1.793e-41
2.751e-41
4.476e-41
7.316e-41
1.168e-40
1.833e-40
2.838e-40
4.35e-40
6.99e-40
1.14e-39
1.809e-39
2.809e-39
4.279e-39
6.402e-39
9.801e-39
1.523e-38
2.267e-38
3.248e-38
4.5e-38
6.058e-38
8.232e-38
1.143e-37
1.527e-37
1.991e-37
2.55e-37
3.588e-37
5.203e-37
7.58e-37
1.037e-36
1.332e-36
1.608e-36
1.836e-36
2.014e-36
2.247e-36
2.869e-36
3.615e-36
4.511e-36
5.599e-36
6.946e-36
6.214e-45
1.093e-44
1.789e-44
2.815e-44
4.333e-44
6.574e-44
9.909e-44
1.688e-43
2.755e-43
4.353e-43
6.747e-43
1.035e-42
1.576e-42
2.601e-42
4.242e-42
6.749e-42
1.056e-41
1.634e-41
2.506e-41
4.078e-41
6.667e-41
1.065e-40
1.67e-40
2.588e-40
3.968e-40
6.381e-40
1.042e-39
1.657e-39
2.579e-39
3.944e-39
5.931e-39
9.143e-39
1.433e-38
2.154e-38
3.12e-38
4.371e-38
5.946e-38
8.157e-38
1.143e-37
1.538e-37
2.015e-37
2.591e-37
3.692e-37
5.374e-37
7.873e-37
1.084e-36
1.401e-36
1.704e-36
1.956e-36
2.157e-36
2.403e-36
2.961e-36
3.733e-36
4.66e-36
5.785e-36
7.177e-36
5.768e-45
1.016e-44
1.663e-44
2.618e-44
4.024e-44
6.095e-44
9.161e-44
1.566e-43
2.557e-43
4.031e-43
6.227e-43
9.519e-43
1.444e-42
2.385e-42
3.888e-42
6.174e-42
9.647e-42
1.49e-41
2.283e-41
3.715e-41
6.073e-41
9.698e-41
1.522e-40
2.357e-40
3.616e-40
5.818e-40
9.513e-40
1.514e-39
2.363e-39
3.625e-39
5.476e-39
8.495e-39
1.342e-38
2.038e-38
2.986e-38
4.234e-38
5.823e-38
8.069e-38
1.141e-37
1.547e-37
2.039e-37
2.632e-37
3.798e-37
5.547e-37
8.169e-37
1.131e-36
1.472e-36
1.802e-36
2.082e-36
2.307e-36
2.581e-36
3.058e-36
3.857e-36
4.816e-36
5.98e-36
7.416e-36
5.192e-45
9.157e-45
1.501e-44
2.364e-44
3.636e-44
5.509e-44
8.282e-44
1.425e-43
2.334e-43
3.684e-43
5.693e-43
8.698e-43
1.318e-42
2.189e-42
3.576e-42
5.678e-42
8.864e-42
1.368e-41
2.095e-41
3.411e-41
5.578e-41
8.907e-41
1.397e-40
2.165e-40
3.322e-40
5.348e-40
8.75e-40
1.395e-39
2.18e-39
3.351e-39
5.08e-39
7.92e-39
1.259e-38
1.927e-38
2.851e-38
4.084e-38
5.675e-38
7.942e-38
1.134e-37
1.55e-37
2.056e-37
2.667e-37
3.895e-37
5.708e-37
8.45e-37
1.177e-36
1.542e-36
1.899e-36
2.208e-36
2.459e-36
2.763e-36
3.157e-36
3.983e-36
4.976e-36
6.18e-36
7.665e-36
4.849e-45
8.555e-45
1.403e-44
2.209e-44
3.397e-44
5.143e-44
7.722e-44
1.333e-43
2.184e-43
3.443e-43
5.306e-43
8.083e-43
1.22e-42
2.032e-42
3.318e-42
5.257e-42
8.185e-42
1.26e-41
1.925e-41
3.136e-41
5.126e-41
8.182e-41
1.283e-40
1.988e-40
3.05e-40
4.911e-40
8.041e-40
1.283e-39
2.007e-39
3.093e-39
4.701e-39
7.361e-39
1.178e-38
1.816e-38
2.711e-38
3.925e-38
5.516e-38
7.799e-38
1.125e-37
1.551e-37
2.071e-37
2.701e-37
3.994e-37
5.871e-37
8.734e-37
1.223e-36
1.612e-36
1.999e-36
2.338e-36
2.617e-36
2.953e-36
3.26e-36
4.116e-36
5.144e-36
6.39e-36
7.924e-36
4.403e-45
7.772e-45
1.275e-44
2.008e-44
3.089e-44
4.678e-44
7.024e-44
1.217e-43
2e-43
3.157e-43
4.867e-43
7.413e-43
1.119e-42
1.874e-42
3.07e-42
4.866e-42
7.572e-42
1.164e-41
1.778e-41
2.9e-41
4.743e-41
7.569e-41
1.187e-40
1.838e-40
2.82e-40
4.543e-40
7.442e-40
1.188e-39
1.861e-39
2.871e-39
4.375e-39
6.873e-39
1.105e-38
1.714e-38
2.578e-38
3.765e-38
5.342e-38
7.627e-38
1.111e-37
1.546e-37
2.079e-37
2.751e-37
4.085e-37
6.023e-37
9.002e-37
1.268e-36
1.681e-36
2.098e-36
2.468e-36
2.778e-36
3.148e-36
3.398e-36
4.251e-36
5.315e-36
6.605e-36
8.191e-36
