# For the net reaction CH4 + H2O -> CO + H2 + H2 + H2
65 56 3640
T [K]
300.0 350.0 400.0 450.0 500.0 550.0 600.0 650.0 700.0 750.0 800.0 850.0 900.0 950.0 1000.0 1050.0 1100.0 1150.0 1200.0 1250.0 1300.0 1350.0 1400.0 1450.0 1500.0 1550.0 1600.0 1650.0 1700.0 1750.0 1800.0 1850.0 1900.0 1950.0 2000.0 2050.0 2100.0 2150.0 2200.0 2250.0 2300.0 2350.0 2400.0 2450.0 2500.0 2550.0 2600.0 2650.0 2700.0 2750.0 2800.0 2850.0 2900.0 2950.0 3000.0 3050.0 3100.0 3150.0 3200.0 3250.0 3300.0 3350.0 3400.0 3450.0 3500.0
p [bar]
1e-08 1.585e-08 2.512e-08 3.981e-08 6.31e-08 1e-07 1.585e-07 2.512e-07 3.981e-07 6.31e-07 1e-06 1.585e-06 2.512e-06 3.981e-06 6.31e-06 1e-05 1.585e-05 2.512e-05 3.981e-05 6.31e-05 0.0001 0.0001585 0.0002512 0.0003981 0.000631 0.001 0.001585 0.002512 0.003981 0.00631 0.01 0.01585 0.02512 0.03981 0.0631 0.1 0.1585 0.2512 0.3981 0.631 1.0 1.585 2.512 3.981 6.31 10.0 15.85 25.12 39.81 63.1 100.0 158.5 251.2 398.1 631.0 1000.0
kf [cm6 s-1]
1.345e-79
1.069e-79
8.499e-80
6.752e-80
5.363e-80
4.258e-80
3.38e-80
2.686e-80
2.135e-80
1.696e-80
1.347e-80
1.07e-80
8.49e-81
6.747e-81
5.362e-81
4.26e-81
3.384e-81
2.687e-81
2.133e-81
1.695e-81
1.347e-81
1.07e-81
8.5e-82
6.75e-82
5.358e-82
4.256e-82
3.383e-82
2.688e-82
2.135e-82
1.696e-82
1.346e-82
1.069e-82
8.497e-83
6.752e-83
5.363e-83
4.259e-83
3.381e-83
2.685e-83
2.134e-83
1.696e-83
1.347e-83
1.07e-83
8.494e-84
6.744e-84
5.361e-84
4.26e-84
3.384e-84
2.688e-84
2.134e-84
1.694e-84
1.346e-84
1.07e-84
8.501e-85
6.751e-85
5.36e-85
4.254e-85
2.338e-68
1.859e-68
1.477e-68
1.174e-68
9.32e-69
7.4e-69
5.874e-69
4.668e-69
3.71e-69
2.948e-69
2.341e-69
1.859e-69
1.476e-69
1.173e-69
9.319e-70
7.404e-70
5.881e-70
4.67e-70
3.707e-70
2.945e-70
2.341e-70
1.86e-70
1.477e-70
1.173e-70
9.312e-71
7.397e-71
5.88e-71
4.672e-71
3.711e-71
2.947e-71
2.339e-71
1.858e-71
1.477e-71
1.174e-71
9.322e-72
7.403e-72
5.877e-72
4.667e-72
3.709e-72
2.948e-72
2.342e-72
1.86e-72
1.476e-72
1.172e-72
9.317e-73
7.404e-73
5.882e-73
4.671e-73
3.709e-73
2.944e-73
2.34e-73
1.86e-73
1.477e-73
1.173e-73
9.316e-74
7.394e-74
5.417e-61
4.306e-61
3.422e-61
2.719e-61
2.159e-61
1.714e-61
1.361e-61
1.082e-61
8.595e-62
6.829e-62
5.424e-62
4.307e-62
3.419e-62
2.717e-62
2.159e-62
1.715e-62
1.363e-62
1.082e-62
8.588e-63
6.823e-63
5.423e-63
4.309e-63
3.423e-63
2.718e-63
2.157e-63
1.714e-63
1.362e-63
1.082e-63
8.597e-64
6.827e-64
5.42e-64
4.305e-64
3.421e-64
2.719e-64
2.16e-64
1.715e-64
1.362e-64
1.081e-64
8.594e-65
6.829e-65
5.425e-65
4.308e-65
3.42e-65
2.716e-65
2.159e-65
1.715e-65
1.363e-65
1.082e-65
8.592e-66
6.821e-66
5.422e-66
4.308e-66
3.423e-66
2.718e-66
2.158e-66
1.713e-66
1.898e-52
1.739e-52
8.004e-53
3.216e-53
1.111e-53
3.224e-54
7.908e-55
3.624e-55
2.906e-55
2.317e-55
1.843e-55
1.465e-55
1.163e-55
9.241e-56
7.345e-56
5.836e-56
4.635e-56
3.681e-56
2.922e-56
2.321e-56
1.845e-56
1.466e-56
1.164e-56
9.246e-57
7.339e-57
5.83e-57
4.634e-57
3.682e-57
2.925e-57
2.323e-57
1.844e-57
1.464e-57
1.164e-57
9.249e-58
7.347e-58
5.835e-58
4.632e-58
3.678e-58
2.924e-58
2.323e-58
1.846e-58
1.466e-58
1.164e-58
9.238e-59
7.343e-59
5.835e-59
4.636e-59
3.682e-59
2.923e-59
2.32e-59
1.844e-59
1.466e-59
1.164e-59
9.248e-60
7.343e-60
5.828e-60
2.206e-48
1.375e-48
8.591e-49
7.654e-49
8.958e-49
9.66e-49
7.68e-49
3.068e-49
1.078e-49
3.25e-50
9.611e-51
7.639e-51
6.066e-51
4.82e-51
3.831e-51
3.044e-51
2.418e-51
1.92e-51
1.524e-51
1.211e-51
9.623e-52
7.646e-52
6.074e-52
4.823e-52
3.828e-52
3.041e-52
2.417e-52
1.921e-52
1.526e-52
1.212e-52
9.618e-53
7.639e-53
6.071e-53
4.824e-53
3.832e-53
3.043e-53
2.416e-53
1.919e-53
1.525e-53
1.212e-53
9.627e-54
7.645e-54
6.069e-54
4.819e-54
3.83e-54
3.044e-54
2.418e-54
1.92e-54
1.525e-54
1.21e-54
9.621e-55
7.646e-55
6.074e-55
4.824e-55
3.83e-55
3.04e-55
3.139e-44
1.96e-44
1.23e-44
7.753e-45
4.906e-45
3.115e-45
2.759e-45
3.443e-45
4.239e-45
5.07e-45
3.234e-45
1.658e-45
7.961e-46
3.378e-46
1.241e-46
5.089e-47
4.241e-47
3.453e-47
2.773e-47
2.213e-47
1.762e-47
1.401e-47
1.113e-47
8.842e-48
7.019e-48
5.576e-48
4.432e-48
3.522e-48
2.797e-48
2.221e-48
1.763e-48
1.401e-48
1.113e-48
8.846e-49
7.027e-49
5.58e-49
4.43e-49
3.518e-49
2.796e-49
2.222e-49
1.765e-49
1.402e-49
1.113e-49
8.836e-50
7.023e-50
5.581e-50
4.434e-50
3.521e-50
2.796e-50
2.219e-50
1.764e-50
1.402e-50
1.114e-50
8.845e-51
7.023e-51
5.574e-51
7.669e-41
4.789e-41
3.005e-41
1.894e-41
1.198e-41
7.6e-42
4.834e-42
3.024e-42
1.896e-42
1.194e-42
1.217e-42
1.519e-42
1.872e-42
1.911e-42
9.117e-43
4.164e-43
1.753e-43
6.924e-44
5.512e-44
4.38e-44
3.482e-44
2.767e-44
2.198e-44
1.746e-44
1.386e-44
1.101e-44
8.751e-45
6.953e-45
5.523e-45
4.386e-45
3.482e-45
2.765e-45
2.198e-45
1.747e-45
1.387e-45
1.102e-45
8.747e-46
6.946e-46
5.521e-46
4.387e-46
3.485e-46
2.768e-46
2.197e-46
1.745e-46
1.387e-46
1.102e-46
8.754e-47
6.953e-47
5.52e-47
4.382e-47
3.483e-47
2.768e-47
2.199e-47
1.746e-47
1.387e-47
1.101e-47
1.346e-37
8.448e-38
5.316e-38
3.353e-38
2.118e-38
1.34e-38
8.489e-39
5.332e-39
3.355e-39
2.115e-39
1.336e-39
8.454e-40
5.355e-40
4.433e-40
5.56e-40
6.929e-40
5e-40
2.531e-40
1.275e-40
6.151e-41
2.843e-41
2.408e-41
2.028e-41
1.682e-41
1.371e-41
1.103e-41
8.817e-42
7.023e-42
5.584e-42
4.436e-42
3.522e-42
2.797e-42
2.224e-42
1.767e-42
1.404e-42
1.115e-42
8.848e-43
7.027e-43
5.585e-43
4.438e-43
3.526e-43
2.8e-43
2.223e-43
1.765e-43
1.403e-43
1.115e-43
8.856e-44
7.034e-44
5.584e-44
4.433e-44
3.524e-44
2.8e-44
2.225e-44
1.767e-44
1.403e-44
1.113e-44
1.3e-34
8.161e-35
5.136e-35
3.239e-35
2.046e-35
1.295e-35
8.201e-36
5.152e-36
3.241e-36
2.044e-36
1.291e-36
8.166e-37
5.172e-37
3.252e-37
2.045e-37
1.289e-37
8.144e-38
5.151e-38
6.645e-38
3.334e-38
1.622e-38
8.144e-39
6.032e-39
4.805e-39
3.828e-39
3.042e-39
2.418e-39
1.922e-39
1.527e-39
1.213e-39
9.631e-40
7.649e-40
6.08e-40
4.831e-40
3.838e-40
3.048e-40
2.419e-40
1.921e-40
1.527e-40
1.213e-40
9.64e-41
7.656e-41
6.078e-41
4.826e-41
3.836e-41
3.048e-41
2.422e-41
1.923e-41
1.527e-41
1.212e-41
9.635e-42
7.656e-42
6.083e-42
4.831e-42
3.835e-42
3.044e-42
5.785e-32
3.63e-32
2.285e-32
1.441e-32
9.103e-33
5.76e-33
3.648e-33
2.292e-33
1.442e-33
9.091e-34
5.743e-34
3.633e-34
2.301e-34
1.447e-34
9.099e-35
5.736e-35
3.623e-35
2.291e-35
1.451e-35
9.135e-36
5.746e-36
3.625e-36
2.295e-36
1.458e-36
9.327e-37
5.996e-37
3.893e-37
3.037e-37
2.497e-37
2.034e-37
1.639e-37
1.311e-37
1.045e-37
8.315e-38
6.608e-38
5.249e-38
4.167e-38
3.309e-38
2.631e-38
2.09e-38
1.661e-38
1.319e-38
1.047e-38
8.313e-39
6.608e-39
5.251e-39
4.171e-39
3.313e-39
2.63e-39
2.088e-39
1.66e-39
1.319e-39
1.048e-39
8.322e-40
6.607e-40
5.244e-40
1.103e-29
6.924e-30
4.357e-30
2.748e-30
1.736e-30
1.098e-30
6.957e-31
4.37e-31
2.75e-31
1.734e-31
1.095e-31
6.928e-32
4.388e-32
2.759e-32
1.735e-32
1.094e-32
6.908e-33
4.37e-33
2.767e-33
1.742e-33
1.095e-33
6.902e-34
4.358e-34
2.756e-34
1.745e-34
1.1e-34
6.917e-35
4.363e-35
2.757e-35
1.744e-35
1.248e-35
9.922e-36
7.886e-36
6.267e-36
4.98e-36
3.955e-36
3.158e-36
2.723e-36
2.281e-36
1.859e-36
1.489e-36
1.179e-36
9.199e-37
7.02e-37
5.211e-37
3.956e-37
3.143e-37
2.496e-37
1.981e-37
1.573e-37
1.25e-37
9.936e-38
7.894e-38
6.269e-38
4.978e-38
3.951e-38
1.233e-27
7.739e-28
4.87e-28
3.071e-28
1.941e-28
1.228e-28
7.776e-29
4.885e-29
3.073e-29
1.938e-29
1.224e-29
7.744e-30
4.904e-30
3.084e-30
1.94e-30
1.223e-30
7.722e-31
4.884e-31
3.093e-31
1.947e-31
1.224e-31
7.715e-32
4.872e-32
3.081e-32
1.951e-32
1.23e-32
7.737e-33
4.887e-33
3.099e-33
1.977e-33
1.269e-33
8.186e-34
5.301e-34
3.432e-34
3.257e-34
3.036e-34
2.748e-34
2.412e-34
2.056e-34
1.701e-34
1.376e-34
1.096e-34
8.614e-35
6.649e-35
5.013e-35
3.667e-35
2.602e-35
1.799e-35
1.217e-35
8.485e-36
6.745e-36
5.36e-36
4.258e-36
3.382e-36
2.685e-36
2.131e-36
6.053e-26
4.779e-26
3.065e-26
1.933e-26
1.221e-26
7.728e-27
4.895e-27
3.075e-27
1.934e-27
1.22e-27
7.705e-28
4.874e-28
3.087e-28
1.941e-28
1.221e-28
7.696e-29
4.86e-29
3.074e-29
1.947e-29
1.225e-29
7.705e-30
4.856e-30
3.066e-30
1.939e-30
1.228e-30
7.735e-31
4.862e-31
3.064e-31
1.935e-31
1.223e-31
7.744e-32
4.888e-32
3.078e-32
1.943e-32
1.229e-32
1.149e-32
1.047e-32
9.301e-33
8.045e-33
6.758e-33
5.533e-33
4.443e-33
3.514e-33
2.736e-33
2.089e-33
1.551e-33
1.118e-33
7.842e-34
5.372e-34
3.612e-34
2.401e-34
1.662e-34
1.32e-34
1.049e-34
8.325e-35
6.607e-35
1.074e-24
8.475e-25
6.711e-25
5.328e-25
4.238e-25
3.312e-25
2.098e-25
1.318e-25
8.29e-26
5.227e-26
3.302e-26
2.089e-26
1.323e-26
8.318e-27
5.231e-27
3.298e-27
2.083e-27
1.317e-27
8.342e-28
5.251e-28
3.302e-28
2.081e-28
1.314e-28
8.31e-29
5.261e-29
3.315e-29
2.084e-29
1.313e-29
8.291e-30
5.244e-30
3.322e-30
2.099e-30
1.325e-30
8.416e-31
5.377e-31
3.555e-31
3.33e-31
3.04e-31
2.691e-31
2.306e-31
1.918e-31
1.558e-31
1.242e-31
9.743e-32
7.514e-32
5.652e-32
4.134e-32
2.94e-32
2.04e-32
1.387e-32
9.302e-33
6.158e-33
4.036e-33
2.624e-33
2.011e-33
1.596e-33
1.551e-23
1.224e-23
9.694e-24
7.696e-24
6.122e-24
4.878e-24
3.893e-24
3.077e-24
2.365e-24
1.491e-24
9.419e-25
5.958e-25
3.773e-25
2.373e-25
1.492e-25
9.407e-26
5.941e-26
3.758e-26
2.38e-26
1.498e-26
9.418e-27
5.935e-27
3.748e-27
2.37e-27
1.501e-27
9.456e-28
5.944e-28
3.745e-28
2.364e-28
1.495e-28
9.465e-29
5.97e-29
3.753e-29
2.365e-29
1.493e-29
9.446e-30
6.373e-30
5.793e-30
5.14e-30
4.446e-30
3.744e-30
3.075e-30
2.473e-30
1.955e-30
1.521e-30
1.156e-30
8.567e-31
6.176e-31
4.34e-31
2.983e-31
2.02e-31
1.348e-31
8.892e-32
5.811e-32
3.771e-32
2.615e-32
2.206e-22
1.286e-22
1.018e-22
8.081e-23
6.429e-23
5.123e-23
4.088e-23
3.231e-23
2.558e-23
2.03e-23
1.614e-23
1.277e-23
8.086e-24
5.084e-24
3.198e-24
2.016e-24
1.273e-24
8.053e-25
5.099e-25
3.209e-25
2.018e-25
1.272e-25
8.031e-26
5.079e-26
3.216e-26
2.026e-26
1.274e-26
8.025e-27
5.067e-27
3.204e-27
2.028e-27
1.279e-27
8.042e-28
5.07e-28
3.205e-28
2.031e-28
1.292e-28
9.139e-29
8.271e-29
7.331e-29
6.324e-29
5.298e-29
4.322e-29
3.451e-29
2.708e-29
2.08e-29
1.559e-29
1.138e-29
8.095e-30
5.629e-30
3.849e-30
2.59e-30
1.721e-30
1.131e-30
7.374e-31
4.775e-31
6.807e-21
3.368e-21
1.676e-21
8.389e-22
5.769e-22
4.597e-22
3.668e-22
2.899e-22
2.295e-22
1.821e-22
1.449e-22
1.154e-22
9.208e-23
7.286e-23
5.082e-23
3.203e-23
2.023e-23
1.28e-23
8.103e-24
5.1e-24
3.207e-24
2.021e-24
1.276e-24
8.072e-25
5.111e-25
3.22e-25
2.024e-25
1.275e-25
8.051e-26
5.091e-26
3.223e-26
2.033e-26
1.277e-26
8.048e-27
5.08e-27
3.212e-27
2.033e-27
1.284e-27
9.415e-28
8.338e-28
7.218e-28
6.094e-28
5.019e-28
4.043e-28
3.198e-28
2.478e-28
1.876e-28
1.385e-28
9.97e-29
7.01e-29
4.843e-29
3.288e-29
2.2e-29
1.455e-29
9.537e-30
6.203e-30
1.781e-19
8.813e-20
4.386e-20
2.195e-20
1.103e-20
5.566e-21
2.818e-21
2.054e-21
1.626e-21
1.29e-21
1.026e-21
8.176e-22
6.524e-22
5.162e-22
4.085e-22
3.241e-22
2.577e-22
1.634e-22
1.035e-22
6.513e-23
4.096e-23
2.581e-23
1.63e-23
1.031e-23
6.527e-24
4.112e-24
2.585e-24
1.629e-24
1.028e-24
6.502e-25
4.116e-25
2.596e-25
1.631e-25
1.028e-25
6.488e-26
4.103e-26
2.599e-26
1.643e-26
1.036e-26
8.042e-27
7.088e-27
6.113e-27
5.141e-27
4.213e-27
3.374e-27
2.642e-27
2.021e-27
1.508e-27
1.098e-27
7.804e-28
5.446e-28
3.73e-28
2.516e-28
1.675e-28
1.104e-28
7.213e-29
3.171e-18
1.568e-18
7.803e-19
3.903e-19
1.961e-19
9.895e-20
5.008e-20
2.484e-20
1.236e-20
8.084e-21
6.429e-21
5.121e-21
4.086e-21
3.233e-21
2.558e-21
2.03e-21
1.614e-21
1.286e-21
1.026e-21
6.635e-22
4.172e-22
2.629e-22
1.66e-22
1.05e-22
6.648e-23
4.189e-23
2.633e-23
1.659e-23
1.047e-23
6.623e-24
4.193e-24
2.645e-24
1.662e-24
1.047e-24
6.608e-25
4.177e-25
2.645e-25
1.67e-25
1.05e-25
6.616e-26
5.406e-26
4.682e-26
3.96e-26
3.267e-26
2.636e-26
2.081e-26
1.606e-26
1.21e-26
8.899e-27
6.392e-27
4.505e-27
3.114e-27
2.117e-27
1.42e-27
9.409e-28
6.179e-28
4.933e-17
2.438e-17
1.212e-17
6.06e-18
3.044e-18
1.535e-18
7.77e-19
3.852e-19
1.916e-19
9.581e-20
4.813e-20
2.427e-20
2.138e-20
1.692e-20
1.339e-20
1.062e-20
8.445e-21
6.727e-21
5.366e-21
4.251e-21
3.363e-21
2.258e-21
1.426e-21
9.016e-22
5.709e-22
3.597e-22
2.261e-22
1.425e-22
8.994e-23
5.687e-23
3.6e-23
2.271e-23
1.427e-23
8.989e-24
5.674e-24
3.587e-24
2.271e-24
1.434e-24
9.015e-25
5.686e-25
3.597e-25
3.126e-25
2.689e-25
2.259e-25
1.852e-25
1.483e-25
1.159e-25
8.828e-26
6.56e-26
4.761e-26
3.389e-26
2.364e-26
1.62e-26
1.094e-26
7.296e-27
4.817e-27
5.756e-16
2.838e-16
1.409e-16
7.035e-17
3.53e-17
1.779e-17
8.998e-18
4.459e-18
2.217e-18
1.108e-18
5.566e-19
2.806e-19
1.42e-19
8.024e-20
6.349e-20
5.037e-20
4.005e-20
3.19e-20
2.544e-20
2.015e-20
1.594e-20
1.264e-20
1.005e-20
6.498e-21
4.114e-21
2.592e-21
1.629e-21
1.027e-21
6.482e-22
4.099e-22
2.595e-22
1.637e-22
1.028e-22
6.478e-23
4.089e-23
2.585e-23
1.637e-23
1.033e-23
6.491e-24
4.089e-24
2.581e-24
1.632e-24
1.503e-24
1.272e-24
1.048e-24
8.45e-25
6.656e-25
5.116e-25
3.837e-25
2.811e-25
2.02e-25
1.421e-25
9.822e-26
6.681e-26
4.484e-26
2.977e-26
6.033e-15
2.964e-15
1.467e-15
7.312e-16
3.663e-16
1.844e-16
9.315e-17
4.612e-17
2.291e-17
1.145e-17
5.747e-18
2.896e-18
1.465e-18
7.282e-19
3.619e-19
2.077e-19
1.651e-19
1.315e-19
1.049e-19
8.309e-20
6.573e-20
5.213e-20
4.143e-20
3.299e-20
2.588e-20
1.631e-20
1.025e-20
6.459e-21
4.078e-21
2.578e-21
1.632e-21
1.03e-21
6.469e-22
4.075e-22
2.572e-22
1.626e-22
1.029e-22
6.5e-23
4.084e-23
2.573e-23
1.624e-23
1.028e-23
6.515e-24
6.397e-24
5.349e-24
4.379e-24
3.501e-24
2.727e-24
2.069e-24
1.531e-24
1.11e-24
7.884e-25
5.493e-25
3.764e-25
2.543e-25
1.697e-25
5.152e-14
2.51e-14
1.234e-14
6.118e-15
3.053e-15
1.532e-15
7.719e-16
3.813e-16
1.892e-16
9.438e-17
4.733e-17
2.384e-17
1.205e-17
5.986e-18
2.974e-18
1.486e-18
7.457e-19
5.008e-19
3.994e-19
3.163e-19
2.502e-19
1.984e-19
1.577e-19
1.255e-19
1.001e-19
7.936e-20
5.614e-20
3.537e-20
2.233e-20
1.412e-20
8.939e-21
5.638e-21
3.543e-21
2.232e-21
1.409e-21
8.906e-22
5.638e-22
3.56e-22
2.236e-22
1.408e-22
8.889e-23
5.62e-23
3.557e-23
2.778e-23
2.339e-23
1.928e-23
1.553e-23
1.22e-23
9.337e-24
6.972e-24
5.1e-24
3.652e-24
2.565e-24
1.77e-24
1.204e-24
8.085e-25
1.581e-12
4.703e-13
1.422e-13
4.7e-14
2.331e-14
1.164e-14
5.844e-15
2.878e-15
1.424e-15
7.09e-16
3.55e-16
1.786e-16
9.02e-17
4.477e-17
2.223e-17
1.11e-17
5.568e-18
2.806e-18
1.419e-18
1.078e-18
8.524e-19
6.759e-19
5.372e-19
4.277e-19
3.41e-19
2.703e-19
2.136e-19
1.692e-19
1.096e-19
6.928e-20
4.386e-20
2.766e-20
1.738e-20
1.095e-20
6.912e-21
4.37e-21
2.766e-21
1.746e-21
1.097e-21
6.91e-22
4.361e-22
2.758e-22
1.746e-22
1.105e-22
9.288e-23
7.759e-23
6.339e-23
5.052e-23
3.919e-23
2.96e-23
2.186e-23
1.579e-23
1.118e-23
7.774e-24
5.322e-24
3.595e-24
3.877e-11
1.103e-11
3.221e-12
9.607e-13
2.914e-13
8.957e-14
3.758e-14
1.838e-14
9.043e-15
4.484e-15
2.238e-15
1.123e-15
5.659e-16
2.804e-16
1.39e-16
6.934e-17
3.476e-17
1.75e-17
8.846e-18
4.406e-18
2.721e-18
2.157e-18
1.714e-18
1.364e-18
1.088e-18
8.621e-19
6.813e-19
5.397e-19
4.283e-19
3.041e-19
1.925e-19
1.214e-19
7.629e-20
4.806e-20
3.034e-20
1.918e-20
1.214e-20
7.665e-21
4.815e-21
3.032e-21
1.914e-21
1.21e-21
7.657e-22
4.84e-22
3.044e-22
2.767e-22
2.28e-22
1.832e-22
1.434e-22
1.092e-22
8.134e-23
5.924e-23
4.227e-23
2.961e-23
2.041e-23
1.387e-23
9.658e-10
2.566e-10
7.108e-11
2.034e-11
5.968e-12
1.787e-12
5.437e-13
1.633e-13
5.344e-14
2.634e-14
1.308e-14
6.54e-15
3.287e-15
1.624e-15
8.038e-16
4.003e-16
2.004e-16
1.008e-16
5.092e-17
2.535e-17
1.258e-17
6.278e-18
5.002e-18
3.981e-18
3.173e-18
2.515e-18
1.987e-18
1.574e-18
1.249e-18
9.925e-19
7.72e-19
4.869e-19
3.06e-19
1.927e-19
1.217e-19
7.691e-20
4.868e-20
3.074e-20
1.931e-20
1.216e-20
7.674e-21
4.851e-21
3.071e-21
1.942e-21
1.221e-21
9.097e-22
7.589e-22
6.183e-22
4.907e-22
3.787e-22
2.849e-22
2.094e-22
1.507e-22
1.063e-22
7.377e-23
5.043e-23
6.496e-09
5.167e-09
1.419e-09
3.766e-10
1.042e-10
2.976e-11
8.723e-12
2.54e-12
7.535e-13
2.275e-13
6.967e-14
3.34e-14
1.669e-14
8.208e-15
4.046e-15
2.009e-15
1.004e-15
5.04e-16
2.541e-16
1.263e-16
6.264e-17
3.124e-17
1.566e-17
1.1e-17
8.769e-18
6.948e-18
5.489e-18
4.348e-18
3.45e-18
2.741e-18
2.178e-18
1.721e-18
1.12e-18
7.057e-19
4.454e-19
2.816e-19
1.782e-19
1.125e-19
7.069e-20
4.452e-20
2.809e-20
1.776e-20
1.124e-20
7.105e-21
4.464e-21
2.813e-21
2.293e-21
1.886e-21
1.51e-21
1.176e-21
8.922e-22
6.611e-22
4.792e-22
3.406e-22
2.379e-22
1.636e-22
1.328e-08
1.038e-08
8.197e-09
6.502e-09
1.853e-09
4.953e-10
1.376e-10
3.828e-11
1.096e-11
3.217e-12
9.635e-13
2.931e-13
9.034e-14
3.898e-14
1.911e-14
9.453e-15
4.707e-15
2.358e-15
1.187e-15
5.889e-16
2.916e-16
1.453e-16
7.277e-17
3.661e-17
2.254e-17
1.785e-17
1.41e-17
1.116e-17
8.857e-18
7.037e-18
5.593e-18
4.42e-18
3.468e-18
2.397e-18
1.513e-18
9.565e-19
6.055e-19
3.822e-19
2.401e-19
1.512e-19
9.543e-20
6.032e-20
3.818e-20
2.413e-20
1.516e-20
9.557e-21
6.466e-21
5.382e-21
4.369e-21
3.448e-21
2.646e-21
1.98e-21
1.448e-21
1.037e-21
7.294e-22
5.048e-22
3.035e-08
2.165e-08
1.631e-08
1.264e-08
9.931e-09
7.849e-09
2.027e-09
5.227e-10
1.41e-10
3.949e-11
1.14e-11
3.368e-12
1.014e-12
3.03e-13
9.146e-14
3.998e-14
1.98e-14
9.872e-15
4.951e-15
2.45e-15
1.21e-15
6.018e-16
3.01e-16
1.513e-16
7.634e-17
4.383e-17
3.46e-17
2.739e-17
2.172e-17
1.726e-17
1.372e-17
1.084e-17
8.508e-18
6.671e-18
4.767e-18
3.014e-18
1.908e-18
1.204e-18
7.564e-19
4.764e-19
3.006e-19
1.9e-19
1.203e-19
7.602e-20
4.775e-20
3.008e-20
1.899e-20
1.419e-20
1.163e-20
9.271e-21
7.173e-21
5.414e-21
3.991e-21
2.879e-21
2.038e-21
1.419e-21
9.906e-08
5.699e-08
3.681e-08
2.596e-08
1.937e-08
1.492e-08
1.167e-08
7.381e-09
1.837e-09
4.826e-10
1.324e-10
3.758e-11
1.096e-11
3.186e-12
9.414e-13
2.833e-13
8.652e-14
3.919e-14
1.956e-14
9.642e-15
4.748e-15
2.355e-15
1.176e-15
5.901e-16
2.974e-16
1.482e-16
7.342e-17
6.329e-17
5.018e-17
3.985e-17
3.167e-17
2.503e-17
1.965e-17
1.541e-17
1.205e-17
8.917e-18
5.644e-18
3.563e-18
2.238e-18
1.409e-18
8.894e-19
5.622e-19
3.558e-19
2.249e-19
1.413e-19
8.897e-20
5.617e-20
3.527e-20
2.926e-20
2.363e-20
1.85e-20
1.412e-20
1.051e-20
7.646e-21
5.451e-21
3.819e-21
5.043e-07
2.301e-07
1.162e-07
6.624e-08
4.243e-08
2.975e-08
2.21e-08
1.696e-08
1.324e-08
5.71e-09
1.447e-09
3.855e-10
1.069e-10
2.978e-11
8.509e-12
2.495e-12
7.462e-13
2.269e-13
7.095e-14
3.474e-14
1.702e-14
8.408e-15
4.185e-15
2.095e-15
1.054e-15
5.242e-16
2.594e-16
1.291e-16
1.116e-16
8.854e-17
7.034e-17
5.558e-17
4.364e-17
3.424e-17
2.679e-17
2.083e-17
1.568e-17
9.897e-18
6.216e-18
3.915e-18
2.47e-18
1.561e-18
9.882e-19
6.246e-19
3.923e-19
2.47e-19
1.526e-19
9.855e-20
6.889e-20
5.619e-20
4.44e-20
3.419e-20
2.566e-20
1.881e-20
1.35e-20
9.519e-21
2.775e-06
1.154e-06
5.046e-07
2.375e-07
1.235e-07
7.198e-08
4.667e-08
3.289e-08
2.446e-08
1.876e-08
1.462e-08
4.026e-09
1.044e-09
2.752e-10
7.519e-11
2.128e-11
6.192e-12
1.842e-12
5.573e-13
1.677e-13
5.83e-14
2.865e-14
1.42e-14
7.087e-15
3.556e-15
1.765e-15
8.719e-16
4.336e-16
2.168e-16
1.872e-16
1.486e-16
1.174e-16
9.216e-17
7.233e-17
5.662e-17
4.406e-17
3.394e-17
2.562e-17
1.637e-17
1.031e-17
6.506e-18
4.112e-18
2.602e-18
1.645e-18
1.033e-18
6.406e-19
3.385e-19
2.339e-19
1.542e-19
1.273e-19
1.018e-19
7.93e-20
6.016e-20
4.451e-20
3.219e-20
2.284e-20
1.662e-05
6.656e-06
2.721e-06
1.148e-06
5.079e-07
2.418e-07
1.272e-07
7.496e-08
4.924e-08
3.5e-08
2.613e-08
2.005e-08
1.007e-08
2.442e-09
6.244e-10
1.677e-10
4.681e-11
1.347e-11
3.973e-12
1.17e-12
3.482e-13
1.054e-13
4.481e-14
2.225e-14
1.112e-14
5.502e-15
2.71e-15
1.345e-15
6.715e-16
3.37e-16
3.04e-16
2.4e-16
1.883e-16
1.478e-16
1.157e-16
9.013e-17
6.953e-17
5.26e-17
3.861e-17
2.575e-17
1.624e-17
1.027e-17
6.497e-18
4.106e-18
2.522e-18
1.367e-18
7.239e-19
4.851e-19
3.851e-19
2.726e-19
2.2e-19
1.731e-19
1.325e-19
9.883e-20
7.202e-20
5.142e-20
8.474e-05
3.359e-05
1.348e-05
5.494e-06
2.292e-06
9.903e-07
4.52e-07
2.217e-07
1.214e-07
7.443e-08
5.018e-08
3.617e-08
2.718e-08
2.092e-08
5.266e-09
1.323e-09
3.504e-10
9.668e-11
2.756e-11
7.892e-12
2.296e-12
6.827e-13
2.065e-13
6.716e-14
3.34e-14
1.646e-14
8.08e-15
4e-15
1.993e-15
9.986e-16
5.964e-16
4.704e-16
3.689e-16
2.895e-16
2.267e-16
1.767e-16
1.365e-16
1.034e-16
7.615e-17
5.448e-17
3.75e-17
2.45e-17
1.539e-17
9.119e-18
5.129e-18
2.79e-18
1.481e-18
9.72e-19
7.719e-19
5.59e-19
4.563e-19
3.631e-19
2.811e-19
2.118e-19
1.557e-19
1.12e-19
0.0004403
0.0001736
6.905e-05
2.773e-05
1.127e-05
4.65e-06
1.965e-06
8.488e-07
3.922e-07
1.994e-07
1.134e-07
7.183e-08
4.959e-08
3.629e-08
2.75e-08
1.033e-08
2.537e-09
6.593e-10
1.791e-10
4.927e-11
1.388e-11
4.025e-12
1.194e-12
3.605e-13
1.104e-13
4.63e-14
2.262e-14
1.115e-14
5.54e-15
2.769e-15
1.391e-15
8.971e-16
7.029e-16
5.512e-16
4.316e-16
3.365e-16
2.602e-16
1.975e-16
1.458e-16
1.047e-16
7.241e-17
4.784e-17
3.005e-17
1.79e-17
1.011e-17
5.519e-18
2.937e-18
1.883e-18
1.495e-18
1.186e-18
9.016e-19
7.244e-19
5.663e-19
4.306e-19
3.19e-19
2.31e-19
0.001955
0.0007696
0.0003052
0.0001219
4.912e-05
1.998e-05
8.228e-06
3.383e-06
1.44e-06
6.485e-07
3.162e-07
1.705e-07
1.024e-07
6.766e-08
4.803e-08
3.569e-08
1.881e-08
4.542e-09
1.162e-09
3.042e-10
8.231e-11
2.312e-11
6.688e-12
1.98e-12
5.969e-13
1.797e-13
6.118e-14
3.002e-14
1.486e-14
7.406e-15
3.712e-15
1.848e-15
1.293e-15
1.013e-15
7.929e-16
6.182e-16
4.783e-16
3.637e-16
2.691e-16
1.939e-16
1.347e-16
8.943e-17
5.648e-17
3.382e-17
1.919e-17
1.051e-17
5.606e-18
2.934e-18
2.811e-18
2.231e-18
1.716e-18
1.394e-18
1.102e-18
8.474e-19
6.337e-19
4.625e-19
0.008754
0.003442
0.001362
0.0005429
0.0002177
8.788e-05
3.574e-05
1.434e-05
5.854e-06
2.457e-06
1.077e-06
5.027e-07
2.565e-07
1.451e-07
9.138e-08
6.269e-08
4.555e-08
3.15e-08
7.443e-09
1.819e-09
4.658e-10
1.253e-10
3.501e-11
1.008e-11
2.975e-12
8.797e-13
2.617e-13
7.92e-14
3.889e-14
1.922e-14
9.533e-15
4.728e-15
2.346e-15
1.818e-15
1.422e-15
1.108e-15
8.578e-16
6.53e-16
4.841e-16
3.499e-16
2.44e-16
1.628e-16
1.034e-16
6.22e-17
3.544e-17
1.948e-17
1.041e-17
5.46e-18
5.132e-18
4.073e-18
3.244e-18
2.574e-18
2.048e-18
1.595e-18
1.203e-18
8.847e-19
0.03422
0.01345
0.00532
0.002117
0.0008475
0.0003412
0.0001381
5.493e-05
2.207e-05
9.019e-06
3.775e-06
1.637e-06
7.497e-07
3.682e-07
2.005e-07
1.216e-07
8.083e-08
5.742e-08
4.259e-08
1.104e-08
2.644e-09
6.743e-10
1.807e-10
5.032e-11
1.446e-11
4.18e-12
1.222e-12
3.646e-13
1.106e-13
5.199e-14
2.568e-14
1.269e-14
6.281e-15
3.12e-15
2.474e-15
1.927e-15
1.492e-15
1.137e-15
8.441e-16
6.117e-16
4.282e-16
2.871e-16
1.831e-16
1.107e-16
6.335e-17
3.493e-17
1.872e-17
9.832e-18
9.129e-18
7.246e-18
5.772e-18
4.593e-18
3.648e-18
2.894e-18
2.221e-18
1.647e-18
0.1342
0.05273
0.02085
0.008293
0.003316
0.001332
0.0005378
0.0002129
8.481e-05
3.416e-05
1.395e-05
5.806e-06
2.487e-06
1.099e-06
5.222e-07
2.735e-07
1.595e-07
1.026e-07
7.118e-08
5.201e-08
1.495e-08
3.556e-09
9.013e-10
2.401e-10
6.654e-11
1.868e-11
5.332e-12
1.562e-12
4.67e-13
1.419e-13
6.566e-14
3.231e-14
1.593e-14
7.894e-15
3.925e-15
3.283e-15
2.54e-15
1.936e-15
1.44e-15
1.046e-15
7.347e-16
4.946e-16
3.17e-16
1.925e-16
1.106e-16
6.118e-17
3.287e-17
1.729e-17
1.583e-17
1.257e-17
1.001e-17
7.962e-18
6.323e-18
5.015e-18
3.942e-18
2.949e-18
0.4687
0.1841
0.0728
0.02894
0.01157
0.004644
0.001872
0.0007395
0.0002936
0.0001176
4.753e-05
1.945e-05
8.098e-06
3.401e-06
1.49e-06
6.992e-07
3.588e-07
2.039e-07
1.279e-07
8.698e-08
6.265e-08
1.903e-08
4.516e-09
1.141e-09
3.029e-10
8.21e-11
2.277e-11
6.52e-12
1.915e-12
5.737e-13
1.746e-13
8.014e-14
3.935e-14
1.943e-14
9.632e-15
4.79e-15
4.214e-15
3.212e-15
2.391e-15
1.74e-15
1.226e-15
8.287e-16
5.335e-16
3.255e-16
1.877e-16
1.042e-16
5.609e-17
2.955e-17
2.684e-17
2.13e-17
1.696e-17
1.35e-17
1.073e-17
8.51e-18
6.749e-18
5.151e-18
1.638
0.6432
0.2543
0.1011
0.04038
0.0162
0.006527
0.002575
0.00102
0.0004069
0.0001636
6.629e-05
2.715e-05
1.107e-05
4.615e-06
2.005e-06
9.253e-07
4.635e-07
2.562e-07
1.565e-07
1.044e-07
7.414e-08
2.263e-08
5.345e-09
1.344e-09
3.479e-10
9.294e-11
2.585e-11
7.419e-12
2.183e-12
6.548e-13
1.97e-13
9.293e-14
4.568e-14
2.257e-14
1.119e-14
6.869e-15
5.233e-15
3.898e-15
2.841e-15
2.007e-15
1.361e-15
8.799e-16
5.391e-16
3.121e-16
1.737e-16
9.375e-17
4.947e-17
4.45e-17
3.532e-17
2.811e-17
2.237e-17
1.778e-17
1.41e-17
1.118e-17
8.697e-18
5.177
2.034
0.8038
0.3195
0.1276
0.0512
0.02062
0.008126
0.003216
0.001281
0.0005135
0.0002072
8.426e-05
3.39e-05
1.381e-05
5.778e-06
2.511e-06
1.154e-06
5.724e-07
3.11e-07
1.871e-07
1.23e-07
8.64e-08
2.538e-08
5.988e-09
1.469e-09
3.757e-10
1.009e-10
2.819e-11
8.114e-12
2.392e-12
7.096e-13
2.146e-13
1.049e-13
5.162e-14
2.551e-14
1.265e-14
8.335e-15
6.209e-15
4.531e-15
3.209e-15
2.183e-15
1.417e-15
8.713e-16
5.062e-16
2.826e-16
1.529e-16
8.08e-17
7.23e-17
5.738e-17
4.567e-17
3.635e-17
2.889e-17
2.293e-17
1.818e-17
1.436e-17
16.34
6.419
2.537
1.008
0.4027
0.1616
0.06504
0.02562
0.01013
0.004031
0.001613
0.000649
0.0002628
0.0001049
4.214e-05
1.723e-05
7.207e-06
3.121e-06
1.422e-06
6.913e-07
3.696e-07
2.191e-07
1.422e-07
9.89e-08
2.67e-08
6.134e-09
1.485e-09
3.82e-10
1.03e-10
2.886e-11
8.324e-12
2.425e-12
7.105e-13
2.322e-13
1.136e-13
5.591e-14
2.764e-14
1.368e-14
9.735e-15
7.11e-15
5.043e-15
3.441e-15
2.241e-15
1.383e-15
8.065e-16
4.515e-16
2.447e-16
1.296e-16
1.152e-16
9.144e-17
7.275e-17
5.789e-17
4.602e-17
3.652e-17
2.895e-17
2.295e-17
47.32
18.59
7.346
2.919
1.166
0.4677
0.1882
0.07415
0.02931
0.01165
0.004659
0.001872
0.0007562
0.0003006
0.00012
4.851e-05
1.992e-05
8.369e-06
3.633e-06
1.639e-06
7.953e-07
4.244e-07
2.502e-07
1.613e-07
1.114e-07
2.588e-08
5.887e-09
1.44e-09
3.731e-10
1.012e-10
2.845e-11
8.116e-12
2.337e-12
6.894e-13
2.45e-13
1.2e-13
5.907e-14
2.914e-14
1.439e-14
1.093e-14
7.767e-15
5.313e-15
3.471e-15
2.15e-15
1.258e-15
7.059e-16
3.835e-16
2.033e-16
1.803e-16
1.431e-16
1.139e-16
9.06e-17
7.204e-17
5.718e-17
4.533e-17
3.594e-17
136.6
53.65
21.2
8.427
3.365
1.35
0.5433
0.2139
0.08455
0.0336
0.01343
0.00539
0.002174
0.0008618
0.0003425
0.0001375
5.58e-05
2.299e-05
9.67e-06
4.141e-06
1.86e-06
9.005e-07
4.782e-07
2.802e-07
1.795e-07
1.102e-07
2.33e-08
5.366e-09
1.323e-09
3.45e-10
9.396e-11
2.612e-11
7.364e-12
2.136e-12
6.339e-13
2.491e-13
1.22e-13
5.997e-14
2.951e-14
1.46e-14
1.179e-14
8.082e-15
5.294e-15
3.29e-15
1.93e-15
1.086e-15
5.913e-16
3.139e-16
2.775e-16
2.202e-16
1.751e-16
1.393e-16
1.108e-16
8.792e-17
6.97e-17
5.525e-17
365.7
143.6
56.77
22.56
9.011
3.614
1.454
0.5728
0.2263
0.08993
0.03592
0.01441
0.005808
0.002299
0.0009117
0.0003645
0.0001471
5.999e-05
2.483e-05
1.033e-05
4.432e-06
2.007e-06
9.786e-07
5.22e-07
3.063e-07
1.962e-07
9.354e-08
2.013e-08
4.697e-09
1.17e-09
3.073e-10
8.29e-11
2.281e-11
6.491e-12
1.897e-12
5.661e-13
2.476e-13
1.211e-13
5.937e-14
2.929e-14
1.759e-14
1.208e-14
7.93e-15
4.942e-15
2.907e-15
1.64e-15
8.945e-16
4.755e-16
4.202e-16
3.334e-16
2.651e-16
2.109e-16
1.677e-16
1.332e-16
1.056e-16
8.295e-17
974.9
383.0
151.4
60.17
24.03
9.638
3.879
1.527
0.6035
0.2398
0.09575
0.0384
0.01546
0.006116
0.002421
0.0009656
0.000388
0.0001572
6.436e-05
2.628e-05
1.092e-05
4.711e-06
2.143e-06
1.048e-06
5.601e-07
3.286e-07
2.106e-07
7.591e-08
1.66e-08
3.92e-09
9.853e-10
2.563e-10
6.846e-11
1.903e-11
5.46e-12
1.606e-12
4.883e-13
2.375e-13
1.159e-13
5.697e-14
2.815e-14
1.781e-14
1.172e-14
7.324e-15
4.319e-15
2.442e-15
1.334e-15
7.101e-16
6.267e-16
4.972e-16
3.953e-16
3.144e-16
2.499e-16
1.984e-16
1.573e-16
1.217e-16
2432.0
955.8
377.9
150.2
60.0
24.07
9.686
3.814
1.507
0.5986
0.239
0.09583
0.03859
0.01525
0.006032
0.002402
0.0009629
0.0003888
0.0001582
6.396e-05
2.611e-05
1.095e-05
4.771e-06
2.193e-06
1.084e-06
5.831e-07
3.449e-07
2.224e-07
5.923e-08
1.318e-08
3.154e-09
7.875e-10
2.033e-10
5.503e-11
1.546e-11
4.471e-12
1.324e-12
4.583e-13
2.225e-13
1.089e-13
5.364e-14
2.653e-14
1.705e-14
1.068e-14
6.312e-15
3.576e-15
1.957e-15
1.043e-15
9.215e-16
7.309e-16
5.81e-16
4.62e-16
3.673e-16
2.917e-16
2.313e-16
1.833e-16
6028.0
2372.0
938.4
373.2
149.1
59.81
24.07
9.479
3.745
1.488
0.594
0.2381
0.09585
0.03787
0.01497
0.005955
0.002383
0.0009597
0.000389
0.0001561
6.297e-05
2.59e-05
1.094e-05
4.798e-06
2.222e-06
1.101e-06
5.97e-07
3.564e-07
2.131e-07
4.433e-08
1.002e-08
2.386e-09
5.918e-10
1.552e-10
4.251e-11
1.205e-11
3.511e-12
1.034e-12
4.165e-13
2.029e-13
9.951e-14
4.907e-14
2.429e-14
1.539e-14
9.113e-15
5.173e-15
2.835e-15
1.512e-15
1.337e-15
1.06e-15
8.425e-16
6.697e-16
5.324e-16
4.228e-16
3.352e-16
2.656e-16
14050.0
5541.0
2196.0
874.1
349.4
140.2
56.45
22.23
8.784
3.49
1.393
0.5585
0.2248
0.0888
0.03508
0.01395
0.005576
0.002242
0.0009067
0.0003623
0.0001452
5.903e-05
2.448e-05
1.044e-05
4.63e-06
2.156e-06
1.083e-06
5.98e-07
3.619e-07
1.507e-07
3.203e-08
7.231e-09
1.716e-09
4.341e-10
1.156e-10
3.202e-11
9.164e-12
2.661e-12
7.748e-13
3.722e-13
1.818e-13
8.933e-14
4.41e-14
2.181e-14
1.297e-14
7.374e-15
4.046e-15
2.16e-15
1.914e-15
1.518e-15
1.206e-15
9.586e-16
7.62e-16
6.052e-16
4.799e-16
3.802e-16
32330.0
12810.0
5095.0
2033.0
813.7
326.8
131.6
51.87
20.5
8.144
3.252
1.303
0.5246
0.2072
0.08183
0.03252
0.01299
0.005218
0.002106
0.0008392
0.0003346
0.000135
5.526e-05
2.308e-05
9.914e-06
4.396e-06
2.066e-06
1.055e-06
5.917e-07
3.629e-07
1.027e-07
2.184e-08
4.925e-09
1.195e-09
3.078e-10
8.306e-11
2.327e-11
6.64e-12
1.907e-12
6.68e-13
3.245e-13
1.588e-13
7.815e-14
3.856e-14
1.903e-14
9.432e-15
5.711e-15
3.051e-15
2.709e-15
2.147e-15
1.706e-15
1.355e-15
1.077e-15
8.554e-16
6.783e-16
5.373e-16
69730.0
27890.0
11160.0
4472.0
1795.0
722.4
291.4
114.9
45.42
18.05
7.209
2.89
1.163
0.4593
0.1814
0.07207
0.02878
0.01155
0.004658
0.001852
0.0007363
0.0002956
0.0001201
4.954e-05
2.087e-05
8.963e-06
4.014e-06
1.927e-06
1.007e-06
5.759e-07
3.325e-07
6.637e-08
1.416e-08
3.284e-09
8.149e-10
2.135e-10
5.839e-11
1.634e-11
4.618e-12
1.342e-12
5.718e-13
2.785e-13
1.365e-13
6.716e-14
3.306e-14
1.636e-14
8.125e-15
4.046e-15
3.789e-15
3.003e-15
2.385e-15
1.895e-15
1.505e-15
1.196e-15
9.481e-16
7.511e-16
146300.0
59350.0
24010.0
9701.0
3917.0
1582.0
639.8
252.7
100.0
39.78
15.89
6.372
2.565
1.013
0.4
0.1589
0.06344
0.02545
0.01025
0.004072
0.001615
0.000646
0.000261
0.0001067
4.43e-05
1.858e-05
8.013e-06
3.651e-06
1.787e-06
9.524e-07
5.553e-07
2.024e-07
4.065e-08
8.959e-09
2.131e-09
5.394e-10
1.436e-10
3.928e-11
1.09e-11
3.122e-12
9.879e-13
4.786e-13
2.336e-13
1.145e-13
5.622e-14
2.775e-14
1.376e-14
6.844e-15
5.242e-15
4.154e-15
3.298e-15
2.619e-15
2.081e-15
1.652e-15
1.31e-15
1.038e-15
286900.0
118200.0
48520.0
19840.0
8086.0
3289.0
1336.0
529.6
210.1
83.66
33.45
13.42
5.404
2.135
0.843
0.3348
0.1336
0.0536
0.02159
0.008566
0.003392
0.001354
0.0005451
0.0002216
9.119e-05
3.766e-05
1.585e-05
6.963e-06
3.241e-06
1.625e-06
8.876e-07
5.288e-07
1.175e-07
2.45e-08
5.565e-09
1.357e-09
3.502e-10
9.346e-11
2.54e-11
7.159e-12
2.076e-12
8.126e-13
3.947e-13
1.928e-13
9.433e-14
4.646e-14
2.299e-14
1.142e-14
5.683e-15
5.686e-15
4.513e-15
3.584e-15
2.846e-15
2.26e-15
1.792e-15
1.42e-15
548300.0
228600.0
95200.0
39520.0
16330.0
6714.0
2751.0
1097.0
437.0
174.5
69.92
28.08
11.32
4.472
1.766
0.7017
0.2801
0.1123
0.04521
0.01793
0.007093
0.002826
0.001135
0.0004593
0.0001878
7.668e-05
3.167e-05
1.352e-05
6.04e-06
2.869e-06
1.471e-06
8.213e-07
3.405e-07
6.694e-08
1.446e-08
3.378e-09
8.424e-10
2.185e-10
5.8e-11
1.605e-11
4.586e-12
1.356e-12
6.551e-13
3.185e-13
1.553e-13
7.626e-14
3.765e-14
1.867e-14
9.279e-15
7.708e-15
6.116e-15
4.855e-15
3.855e-15
3.06e-15
2.427e-15
1.922e-15
1007000.0
420800.0
176600.0
74190.0
31070.0
12950.0
5369.0
2162.0
867.4
348.1
139.9
56.32
22.73
8.989
3.553
1.412
0.5636
0.226
0.09095
0.03606
0.01425
0.005674
0.002274
0.0009181
0.0003737
0.0001515
6.182e-05
2.59e-05
1.124e-05
5.126e-06
2.495e-06
1.312e-06
7.522e-07
1.84e-07
3.765e-08
8.405e-09
2.018e-09
5.074e-10
1.313e-10
3.558e-11
1e-11
2.896e-12
1.076e-12
5.203e-13
2.527e-13
1.237e-13
6.093e-14
3.014e-14
1.496e-14
7.438e-15
8.211e-15
6.516e-15
5.172e-15
4.105e-15
3.255e-15
2.578e-15
1852000.0
768600.0
322400.0
136100.0
57590.0
24320.0
10220.0
4172.0
1692.0
684.8
276.9
111.9
45.28
17.94
7.1
2.823
1.127
0.4522
0.182
0.07213
0.0285
0.01134
0.004538
0.001828
0.0007416
0.0002989
0.0001209
4.989e-05
2.117e-05
9.341e-06
4.346e-06
2.159e-06
1.165e-06
5.072e-07
9.801e-08
2.082e-08
4.796e-09
1.164e-09
2.925e-10
7.746e-11
2.138e-11
6.1e-12
1.786e-12
8.365e-13
4.044e-13
1.973e-13
9.688e-14
4.782e-14
2.369e-14
1.176e-14
1.092e-14
8.666e-15
6.877e-15
5.457e-15
4.327e-15
3.426e-15
3365000.0
1379000.0
573400.0
241200.0
102200.0
43470.0
18470.0
7637.0
3138.0
1284.0
523.9
213.2
86.65
34.45
13.66
5.438
2.174
0.8722
0.3511
0.1392
0.05498
0.02185
0.008741
0.003516
0.001424
0.0005717
0.0002297
9.391e-05
3.925e-05
1.692e-05
7.612e-06
3.612e-06
1.844e-06
1.029e-06
2.564e-07
5.17e-08
1.139e-08
2.662e-09
6.479e-10
1.673e-10
4.525e-11
1.271e-11
3.672e-12
1.332e-12
6.405e-13
3.112e-13
1.524e-13
7.502e-14
3.71e-14
1.839e-14
1.441e-14
1.143e-14
9.067e-15
7.193e-15
5.703e-15
4.516e-15
6185000.0
2501000.0
1027000.0
427400.0
180100.0
76540.0
32680.0
13650.0
5682.0
2356.0
972.8
399.7
163.7
65.45
26.05
10.4
4.163
1.672
0.6735
0.267
0.1055
0.04192
0.01675
0.006733
0.002721
0.00109
0.0004358
0.0001768
7.3e-05
3.089e-05
1.352e-05
6.169e-06
2.993e-06
1.579e-06
6.721e-07
1.283e-07
2.693e-08
6.042e-09
1.42e-09
3.564e-10
9.425e-11
2.599e-11
7.404e-12
2.15e-12
1e-12
4.837e-13
2.36e-13
1.159e-13
5.717e-14
2.829e-14
1.398e-14
1.495e-14
1.186e-14
9.403e-15
7.454e-15
5.901e-15
11210000.0
4486000.0
1819000.0
748200.0
311900.0
131600.0
56010.0
23460.0
9837.0
4124.0
1723.0
716.5
296.4
119.5
47.85
19.18
7.699
3.098
1.249
0.4956
0.1958
0.07782
0.0311
0.01249
0.005042
0.002015
0.0008032
0.0003242
0.0001328
5.548e-05
2.382e-05
1.055e-05
4.911e-06
2.468e-06
1.35e-06
3.196e-07
6.382e-08
1.37e-08
3.102e-09
7.551e-10
1.948e-10
5.267e-11
1.477e-11
4.236e-12
1.547e-12
7.447e-13
3.619e-13
1.772e-13
8.72e-14
4.307e-14
2.125e-14
1.94e-14
1.538e-14
1.22e-14
9.667e-15
7.653e-15
20410000.0
8105000.0
3255000.0
1323000.0
544800.0
227200.0
95870.0
39970.0
16780.0
7077.0
2987.0
1257.0
526.3
214.5
86.69
34.98
14.11
5.694
2.301
0.9139
0.3614
0.1437
0.05741
0.02305
0.009297
0.00371
0.001475
0.0005929
0.0002413
9.979e-05
4.218e-05
1.824e-05
8.194e-06
3.936e-06
2.047e-06
7.971e-07
1.511e-07
3.096e-08
6.729e-09
1.584e-09
3.978e-10
1.052e-10
2.9e-11
8.198e-12
2.364e-12
1.132e-12
5.476e-13
2.671e-13
1.311e-13
6.462e-14
3.183e-14
2.5e-14
1.981e-14
1.57e-14
1.244e-14
9.848e-15
36350000.0
14370000.0
5735000.0
2312000.0
942400.0
388600.0
162100.0
66940.0
27940.0
11770.0
4990.0
2116.0
895.6
369.4
150.9
61.45
24.95
10.12
4.104
1.634
0.6471
0.2574
0.1029
0.04131
0.01665
0.00664
0.002636
0.001056
0.0004279
0.0001758
7.348e-05
3.121e-05
1.365e-05
6.325e-06
3.147e-06
1.699e-06
3.588e-07
7.006e-08
1.459e-08
3.313e-09
8.08e-10
2.087e-10
5.644e-11
1.571e-11
4.406e-12
1.705e-12
8.213e-13
3.992e-13
1.954e-13
9.605e-14
4.722e-14
2.334e-14
2.533e-14
2.007e-14
1.59e-14
1.259e-14
64610000.0
25470000.0
10120000.0
4058000.0
1641000.0
670200.0
276600.0
112800.0
46610.0
19510.0
8249.0
3509.0
1496.0
623.6
257.8
106.1
43.52
17.78
7.248
2.897
1.15
0.4583
0.1833
0.07363
0.02968
0.01183
0.004688
0.001875
0.0007568
0.000309
0.0001281
5.363e-05
2.294e-05
1.03e-05
4.922e-06
2.537e-06
8.519e-07
1.583e-07
3.15e-08
6.885e-09
1.626e-09
4.094e-10
1.084e-10
2.967e-11
8.205e-12
2.541e-12
1.217e-12
5.892e-13
2.874e-13
1.409e-13
6.915e-14
3.412e-14
3.217e-14
2.548e-14
2.018e-14
1.597e-14
112100000.0
44120000.0
17500000.0
6989000.0
2813000.0
1141000.0
467000.0
188500.0
77000.0
31910.0
13390.0
5677.0
2423.0
1016.0
424.0
176.5
73.14
30.17
12.39
4.98
1.985
0.7929
0.3177
0.1277
0.05151
0.02052
0.008127
0.003245
0.001307
0.0005315
0.0002189
9.071e-05
3.817e-05
1.673e-05
7.737e-06
3.831e-06
2.029e-06
3.584e-07
6.807e-08
1.429e-08
3.263e-09
7.989e-10
2.069e-10
5.56e-11
1.514e-11
4.274e-12
1.79e-12
8.627e-13
4.194e-13
2.051e-13
1.004e-13
4.944e-14
4.059e-14
3.214e-14
2.545e-14
2.013e-14
193700000.0
76160000.0
30160000.0
12020000.0
4823000.0
1948000.0
792100.0
317000.0
128100.0
52510.0
21820.0
9175.0
3899.0
1636.0
686.4
288.3
120.7
50.34
20.87
8.458
3.392
1.361
0.5467
0.2201
0.08885
0.03541
0.01402
0.005592
0.002248
0.0009112
0.0003733
0.0001534
6.368e-05
2.735e-05
1.23e-05
5.869e-06
3.013e-06
8.108e-07
1.468e-07
2.954e-08
6.506e-09
1.546e-09
3.906e-10
1.029e-10
2.756e-11
7.678e-12
2.606e-12
1.25e-12
6.05e-13
2.949e-13
1.44e-13
7.078e-14
3.497e-14
4.029e-14
3.189e-14
2.522e-14
