# For the net reaction CH4 + CH4 -> C2H2 + H2 + H2 + H2
65 56 3640
T [K]
300.0 350.0 400.0 450.0 500.0 550.0 600.0 650.0 700.0 750.0 800.0 850.0 900.0 950.0 1000.0 1050.0 1100.0 1150.0 1200.0 1250.0 1300.0 1350.0 1400.0 1450.0 1500.0 1550.0 1600.0 1650.0 1700.0 1750.0 1800.0 1850.0 1900.0 1950.0 2000.0 2050.0 2100.0 2150.0 2200.0 2250.0 2300.0 2350.0 2400.0 2450.0 2500.0 2550.0 2600.0 2650.0 2700.0 2750.0 2800.0 2850.0 2900.0 2950.0 3000.0 3050.0 3100.0 3150.0 3200.0 3250.0 3300.0 3350.0 3400.0 3450.0 3500.0
p [bar]
1e-08 1.585e-08 2.512e-08 3.981e-08 6.31e-08 1e-07 1.585e-07 2.512e-07 3.981e-07 6.31e-07 1e-06 1.585e-06 2.512e-06 3.981e-06 6.31e-06 1e-05 1.585e-05 2.512e-05 3.981e-05 6.31e-05 0.0001 0.0001585 0.0002512 0.0003981 0.000631 0.001 0.001585 0.002512 0.003981 0.00631 0.01 0.01585 0.02512 0.03981 0.0631 0.1 0.1585 0.2512 0.3981 0.631 1.0 1.585 2.512 3.981 6.31 10.0 15.85 25.12 39.81 63.1 100.0 158.5 251.2 398.1 631.0 1000.0
kf [cm6 s-1]
3.736e-84
1.493e-84
5.957e-85
2.374e-85
9.448e-86
3.755e-86
1.491e-86
5.948e-87
2.373e-87
9.454e-88
3.763e-88
1.496e-88
5.937e-89
2.367e-89
9.445e-90
3.764e-90
1.498e-90
5.956e-91
2.365e-91
9.423e-92
3.76e-92
1.499e-92
5.966e-93
2.372e-93
9.419e-94
3.75e-94
1.497e-94
5.966e-95
2.375e-95
9.446e-96
3.751e-96
1.492e-96
5.957e-97
2.375e-97
9.457e-98
3.761e-98
1.494e-98
5.94e-99
2.371e-99
9.453e-100
3.765e-100
1.498e-100
5.949e-101
2.364e-101
9.436e-102
3.763e-102
1.499e-102
5.963e-103
2.369e-103
9.407e-104
3.756e-104
1.498e-104
5.967e-105
2.374e-105
9.434e-106
3.744e-106
2.773e-69
1.16e-69
4.768e-70
1.937e-70
7.807e-71
3.127e-71
1.248e-71
4.994e-72
1.996e-72
7.965e-73
3.172e-73
1.262e-73
5.01e-74
1.998e-74
7.972e-75
3.177e-75
1.265e-75
5.028e-76
1.996e-76
7.954e-77
3.174e-77
1.265e-77
5.036e-78
2.002e-78
7.951e-79
3.166e-79
1.264e-79
5.037e-80
2.005e-80
7.975e-81
3.167e-81
1.26e-81
5.029e-82
2.005e-82
7.984e-83
3.176e-83
1.261e-83
5.015e-84
2.002e-84
7.981e-85
3.179e-85
1.264e-85
5.023e-86
1.996e-86
7.967e-87
3.177e-87
1.265e-87
5.034e-88
2e-88
7.943e-89
3.171e-89
1.265e-89
5.038e-90
2.005e-90
7.965e-91
3.161e-91
1.234e-59
6.96e-60
3.752e-60
1.921e-60
9.323e-61
4.3e-61
1.899e-61
8.158e-62
3.42e-62
1.408e-62
5.722e-63
2.305e-63
9.231e-64
3.701e-64
1.482e-64
5.918e-65
2.359e-65
9.385e-66
3.728e-66
1.486e-66
5.93e-67
2.364e-67
9.412e-68
3.743e-68
1.486e-68
5.918e-69
2.362e-69
9.414e-70
3.748e-70
1.491e-70
5.92e-71
2.355e-71
9.401e-72
3.748e-72
1.492e-72
5.936e-73
2.358e-73
9.374e-74
3.742e-74
1.492e-74
5.942e-75
2.363e-75
9.389e-76
3.731e-76
1.489e-76
5.939e-77
2.365e-77
9.411e-78
3.739e-78
1.485e-78
5.927e-79
2.364e-79
9.417e-80
3.747e-80
1.489e-80
5.908e-81
1.862e-52
1.35e-52
1.05e-52
8.279e-53
6.205e-53
4.259e-53
2.66e-53
1.533e-53
8.253e-54
4.172e-54
1.991e-54
9.042e-55
3.941e-55
1.675e-55
6.97e-56
2.856e-56
1.157e-56
4.653e-57
1.861e-57
7.448e-58
2.981e-58
1.19e-58
4.744e-59
1.887e-59
7.498e-60
2.986e-60
1.192e-60
4.752e-61
1.892e-61
7.925e-62
3.498e-62
1.482e-62
6.007e-63
2.306e-63
8.409e-64
2.997e-64
1.19e-64
4.733e-65
1.889e-65
7.533e-66
3e-66
1.193e-66
4.741e-67
1.884e-67
7.52e-68
2.999e-68
1.194e-68
4.752e-69
1.888e-69
7.496e-70
2.993e-70
1.194e-70
4.755e-71
1.892e-71
7.518e-72
2.983e-72
2.248e-46
1.562e-46
9.841e-47
6.178e-47
3.866e-47
2.413e-47
1.502e-47
9.251e-48
5.638e-48
3.387e-48
1.987e-48
1.125e-48
6.089e-49
3.143e-49
1.541e-49
7.175e-50
3.196e-50
1.373e-50
5.747e-51
2.37e-51
9.673e-52
3.912e-52
1.572e-52
6.286e-53
2.505e-53
9.998e-54
3.996e-54
1.594e-54
6.352e-55
2.527e-55
1.004e-55
3.994e-56
1.594e-56
6.357e-57
2.531e-57
1.007e-57
3.999e-58
1.59e-58
6.348e-59
2.531e-59
1.008e-59
4.009e-60
1.593e-60
6.329e-61
2.526e-61
1.007e-61
4.013e-62
1.596e-62
6.343e-63
2.519e-63
1.006e-63
4.01e-64
1.598e-64
6.357e-65
2.526e-65
1.002e-65
1.043e-42
1.03e-42
1.024e-42
1.023e-42
1.026e-42
1.035e-42
7.414e-43
4.674e-43
2.93e-43
1.827e-43
1.14e-43
7.194e-44
4.661e-44
3.097e-44
2.055e-44
1.3e-44
7.569e-45
4.028e-45
1.981e-45
9.19e-46
4.076e-46
1.746e-46
7.289e-47
2.99e-47
1.211e-47
4.885e-48
1.966e-48
9.214e-49
4.479e-49
2.136e-49
9.922e-50
4.481e-50
1.956e-50
8.116e-51
3.187e-51
1.186e-51
4.207e-52
1.442e-52
4.856e-53
1.6e-53
5.191e-54
1.995e-54
7.926e-55
3.15e-55
1.257e-55
5.014e-56
1.997e-56
7.945e-57
3.156e-57
1.253e-57
5.004e-58
1.996e-58
7.95e-59
3.163e-59
1.257e-59
4.988e-60
1.308e-38
8.154e-39
5.113e-39
4.623e-39
4.636e-39
4.666e-39
4.709e-39
4.661e-39
4.63e-39
4.547e-39
2.281e-39
1.146e-39
6.785e-40
4.227e-40
2.603e-40
1.579e-40
9.424e-41
5.496e-41
3.101e-41
1.671e-41
8.574e-42
4.173e-42
1.931e-42
8.549e-43
3.657e-43
1.53e-43
6.31e-44
2.569e-44
1.037e-44
4.225e-45
1.999e-45
9.262e-46
4.177e-46
1.8e-46
7.361e-47
2.848e-47
1.045e-47
3.681e-48
1.264e-48
4.226e-49
1.683e-49
6.696e-50
2.66e-50
1.057e-50
4.219e-51
1.683e-51
6.702e-52
2.666e-52
1.059e-52
4.206e-53
1.679e-53
6.697e-54
2.668e-54
1.062e-54
4.218e-55
1.674e-55
1.842e-35
1.148e-35
7.199e-36
4.537e-36
2.871e-36
2.114e-36
2.134e-36
2.112e-36
2.098e-36
2.094e-36
2.1e-36
2.112e-36
2.131e-36
2.098e-36
1.05e-36
5.291e-37
2.696e-37
1.41e-37
8.568e-38
5.158e-38
3.08e-38
1.816e-38
1.038e-38
5.59e-39
2.821e-39
1.465e-39
7.461e-40
3.74e-40
1.852e-40
9.046e-41
4.344e-41
2.054e-41
9.515e-42
4.241e-42
1.803e-42
7.263e-43
2.767e-43
1.007e-43
3.546e-44
1.207e-44
4.006e-45
1.304e-45
4.187e-46
1.335e-46
4.431e-47
1.767e-47
7.038e-48
2.8e-48
1.112e-48
4.417e-49
1.764e-49
7.033e-50
2.802e-50
1.115e-50
4.43e-51
1.758e-51
1.911e-32
1.191e-32
7.47e-33
4.708e-33
2.979e-33
1.892e-33
1.205e-33
7.901e-34
7.848e-34
7.834e-34
7.854e-34
7.899e-34
7.97e-34
7.906e-34
7.845e-34
7.824e-34
7.833e-34
5.382e-34
2.71e-34
1.355e-34
6.755e-35
3.374e-35
1.691e-35
8.498e-36
4.278e-36
2.143e-36
1.073e-36
5.366e-37
2.666e-37
1.311e-37
6.364e-38
3.054e-38
1.446e-38
6.628e-39
2.917e-39
1.222e-39
4.843e-40
1.827e-40
6.632e-41
2.311e-41
7.797e-42
2.568e-42
8.31e-43
2.663e-43
9.377e-44
3.74e-44
1.49e-44
5.926e-45
2.355e-45
9.35e-46
3.733e-46
1.489e-46
5.931e-47
2.36e-47
9.377e-48
3.721e-48
4.534e-30
2.826e-30
1.772e-30
1.117e-30
7.067e-31
4.488e-31
2.858e-31
1.785e-31
1.119e-31
7.358e-32
7.377e-32
7.42e-32
7.486e-32
7.427e-32
7.371e-32
7.352e-32
7.362e-32
7.398e-32
7.453e-32
7.401e-32
5.129e-32
2.575e-32
1.304e-32
6.692e-33
3.518e-33
1.895e-33
1.045e-33
5.839e-34
3.238e-34
1.741e-34
8.971e-35
4.462e-35
2.168e-35
1.021e-35
4.636e-36
2.013e-36
8.298e-37
3.252e-37
1.222e-37
4.378e-38
1.509e-38
5.044e-39
1.649e-39
5.322e-40
1.72e-40
5.517e-41
1.758e-41
5.822e-42
2.313e-42
9.185e-43
3.667e-43
1.462e-43
5.826e-44
2.318e-44
9.212e-45
3.655e-45
8.423e-28
5.25e-28
3.292e-28
2.075e-28
1.313e-28
8.337e-29
5.308e-29
3.316e-29
2.078e-29
1.309e-29
8.28e-30
5.901e-30
5.954e-30
5.907e-30
5.863e-30
5.848e-30
5.857e-30
5.887e-30
5.932e-30
5.891e-30
5.829e-30
5.79e-30
5.764e-30
3.203e-30
1.611e-30
8.054e-31
4.005e-31
1.994e-31
9.95e-32
4.967e-32
2.468e-32
1.213e-32
5.901e-33
2.819e-33
1.31e-33
5.862e-34
2.504e-34
1.019e-34
3.972e-35
1.469e-35
5.193e-36
1.77e-36
5.863e-37
1.909e-37
6.209e-38
1.999e-38
6.387e-39
2.053e-39
8.159e-40
3.24e-40
1.294e-40
5.159e-41
2.055e-41
8.177e-42
3.249e-42
1.289e-42
6.038e-26
3.764e-26
2.36e-26
1.487e-26
9.411e-27
5.976e-27
3.805e-27
2.377e-27
1.49e-27
9.383e-28
5.936e-28
3.767e-28
2.398e-28
1.938e-28
1.923e-28
1.918e-28
1.922e-28
1.932e-28
1.947e-28
1.935e-28
1.916e-28
1.905e-28
1.9e-28
1.898e-28
1.894e-28
1.35e-28
6.752e-29
3.397e-29
1.728e-29
8.94e-30
4.705e-30
2.487e-30
1.305e-30
6.719e-31
3.328e-31
1.568e-31
6.996e-32
2.967e-32
1.202e-32
4.605e-33
1.677e-33
5.847e-34
1.97e-34
6.491e-35
2.127e-35
6.885e-36
2.207e-36
7.026e-37
2.223e-37
7.009e-38
2.67e-38
1.065e-38
4.242e-39
1.688e-39
6.707e-40
2.661e-40
3.556e-24
2.216e-24
1.39e-24
8.758e-25
5.542e-25
3.519e-25
2.241e-25
1.4e-25
8.772e-26
5.525e-26
3.495e-26
2.218e-26
1.412e-26
8.842e-27
5.538e-27
5.472e-27
5.482e-27
5.511e-27
5.556e-27
5.522e-27
5.471e-27
5.444e-27
5.437e-27
5.439e-27
5.442e-27
5.359e-27
5.213e-27
4.088e-27
2.042e-27
1.021e-27
5.099e-28
2.525e-28
1.236e-28
6.022e-29
2.902e-29
1.368e-29
6.228e-30
2.719e-30
1.139e-30
4.521e-31
1.7e-31
6.086e-32
2.093e-32
6.997e-33
2.316e-33
7.547e-34
2.43e-34
7.758e-35
2.459e-35
7.763e-36
2.755e-36
1.099e-36
4.378e-37
1.742e-37
6.922e-38
2.747e-38
1.096e-22
6.834e-23
4.285e-23
2.7e-23
1.709e-23
1.085e-23
6.91e-24
4.316e-24
2.705e-24
1.704e-24
1.078e-24
6.84e-25
4.355e-25
2.727e-25
1.708e-25
1.075e-25
8.602e-26
8.649e-26
8.721e-26
8.669e-26
8.592e-26
8.555e-26
8.55e-26
8.565e-26
8.588e-26
8.487e-26
8.298e-26
8.097e-26
7.846e-26
5.949e-26
2.987e-26
1.496e-26
7.473e-27
3.76e-27
1.898e-27
9.513e-28
4.651e-28
2.172e-28
9.61e-29
3.999e-29
1.565e-29
5.787e-30
2.04e-30
6.947e-31
2.33e-31
7.656e-32
2.48e-32
7.944e-33
2.524e-33
7.982e-34
2.549e-34
8.113e-35
3.06e-35
1.218e-35
4.838e-36
1.92e-36
2.884e-21
1.797e-21
1.127e-21
7.102e-22
4.494e-22
2.854e-22
1.817e-22
1.135e-22
7.114e-23
4.481e-23
2.834e-23
1.799e-23
1.145e-23
7.17e-24
4.491e-24
2.827e-24
1.787e-24
1.209e-24
1.219e-24
1.212e-24
1.201e-24
1.197e-24
1.197e-24
1.2e-24
1.205e-24
1.193e-24
1.171e-24
1.149e-24
1.122e-24
1.085e-24
1.033e-24
6.753e-25
3.332e-25
1.637e-25
7.995e-26
3.865e-26
1.837e-26
8.469e-27
3.759e-27
1.599e-27
6.449e-28
2.46e-28
8.907e-29
3.097e-29
1.055e-29
3.503e-30
1.143e-30
3.679e-31
1.173e-31
3.715e-32
1.188e-32
3.785e-33
1.31e-33
5.213e-34
2.072e-34
8.221e-35
4.796e-20
2.989e-20
1.874e-20
1.181e-20
7.475e-21
4.747e-21
3.022e-21
1.888e-21
1.183e-21
7.452e-22
4.714e-22
2.992e-22
1.905e-22
1.193e-22
7.469e-23
4.702e-23
2.973e-23
1.886e-23
1.2e-23
1.113e-23
1.103e-23
1.099e-23
1.1e-23
1.103e-23
1.109e-23
1.101e-23
1.083e-23
1.066e-23
1.048e-23
1.023e-23
9.871e-24
9.241e-24
8.322e-24
4.462e-24
2.205e-24
1.087e-24
5.33e-25
2.569e-25
1.201e-25
5.419e-26
2.32e-26
9.312e-27
3.507e-27
1.255e-27
4.358e-28
1.468e-28
4.834e-29
1.566e-29
5.011e-30
1.592e-30
5.099e-31
1.626e-31
5.164e-32
1.666e-32
6.62e-33
2.627e-33
7.007e-19
4.367e-19
2.738e-19
1.726e-19
1.092e-19
6.934e-20
4.415e-20
2.758e-20
1.728e-20
1.089e-20
6.886e-21
4.371e-21
2.783e-21
1.742e-21
1.091e-21
6.869e-22
4.342e-22
2.755e-22
1.754e-22
1.1e-22
9.204e-23
9.173e-23
9.18e-23
9.215e-23
9.27e-23
9.209e-23
9.076e-23
8.966e-23
8.851e-23
8.701e-23
8.479e-23
8.052e-23
7.392e-23
6.597e-23
4.904e-23
2.406e-23
1.169e-23
5.562e-24
2.562e-24
1.146e-24
4.93e-25
2.017e-25
7.799e-26
2.86e-26
1.013e-26
3.466e-27
1.154e-27
3.767e-28
1.211e-28
3.861e-29
1.239e-29
3.957e-30
1.258e-30
3.982e-31
1.477e-31
5.862e-32
7.375e-18
4.562e-18
2.86e-18
1.802e-18
1.14e-18
7.242e-19
4.611e-19
2.88e-19
1.805e-19
1.137e-19
7.191e-20
4.564e-20
2.906e-20
1.819e-20
1.139e-20
7.173e-21
4.535e-21
2.877e-21
1.831e-21
1.149e-21
7.193e-22
5.639e-22
5.645e-22
5.668e-22
5.706e-22
5.673e-22
5.599e-22
5.543e-22
5.49e-22
5.425e-22
5.328e-22
5.118e-22
4.774e-22
4.354e-22
3.844e-22
3.256e-22
1.808e-22
8.753e-23
4.139e-23
1.919e-23
8.638e-24
3.727e-24
1.521e-24
5.837e-25
2.133e-25
7.462e-26
2.523e-26
8.319e-27
2.693e-27
8.62e-28
2.775e-28
8.874e-29
2.824e-29
8.947e-30
2.823e-30
1.044e-30
1.629e-16
7.944e-17
3.946e-17
1.973e-17
1.071e-17
6.799e-18
4.329e-18
2.704e-18
1.694e-18
1.067e-18
6.75e-19
4.284e-19
2.727e-19
1.707e-19
1.069e-19
6.732e-20
4.256e-20
2.7e-20
1.719e-20
1.078e-20
6.75e-21
4.247e-21
3.205e-21
3.219e-21
3.242e-21
3.225e-21
3.187e-21
3.16e-21
3.137e-21
3.112e-21
3.074e-21
2.979e-21
2.814e-21
2.612e-21
2.358e-21
2.051e-21
1.705e-21
1.15e-21
5.448e-22
2.525e-22
1.137e-22
4.925e-23
2.033e-23
7.942e-24
2.954e-24
1.052e-24
3.611e-25
1.204e-25
3.928e-26
1.264e-26
4.081e-27
1.308e-27
4.168e-28
1.322e-28
4.172e-29
1.418e-29
3.065e-15
1.308e-15
6.491e-16
3.245e-16
1.632e-16
8.245e-17
4.183e-17
2.067e-17
1.235e-17
7.779e-18
4.92e-18
3.123e-18
1.988e-18
1.244e-18
7.794e-19
4.906e-19
3.102e-19
1.968e-19
1.253e-19
7.86e-20
4.92e-20
3.095e-20
1.956e-20
1.455e-20
1.466e-20
1.459e-20
1.443e-20
1.432e-20
1.425e-20
1.417e-20
1.406e-20
1.372e-20
1.309e-20
1.232e-20
1.134e-20
1.011e-20
8.648e-21
6.991e-21
5.309e-21
2.572e-21
1.188e-21
5.331e-22
2.298e-22
9.406e-23
3.642e-23
1.342e-23
4.724e-24
1.602e-24
5.285e-25
1.712e-25
5.553e-26
1.785e-26
5.697e-27
1.809e-27
5.713e-28
1.797e-28
1.088e-13
3.355e-14
1.045e-14
4.449e-15
2.235e-15
1.128e-15
5.72e-16
2.826e-16
1.402e-16
7.007e-17
3.522e-17
2.084e-17
1.326e-17
8.303e-18
5.199e-18
3.273e-18
2.069e-18
1.313e-18
8.354e-19
5.243e-19
3.281e-19
2.064e-19
1.305e-19
8.276e-20
6.201e-20
6.174e-20
6.108e-20
6.069e-20
6.046e-20
6.028e-20
6.002e-20
5.885e-20
5.66e-20
5.388e-20
5.039e-20
4.586e-20
4.022e-20
3.279e-20
2.606e-20
1.942e-20
1.053e-20
4.765e-21
2.075e-21
8.599e-22
3.366e-22
1.259e-22
4.502e-23
1.549e-23
5.165e-24
1.686e-24
5.494e-25
1.772e-25
5.667e-26
1.802e-26
5.696e-27
1.792e-27
4.078e-12
1.249e-12
3.874e-13
1.213e-13
3.833e-14
1.238e-14
6.271e-15
3.096e-15
1.535e-15
7.668e-16
3.853e-16
1.945e-16
9.865e-17
4.891e-17
2.855e-17
1.797e-17
1.136e-17
7.206e-18
4.586e-18
2.878e-18
1.801e-18
1.133e-18
7.161e-19
4.542e-19
2.89e-19
2.194e-19
2.171e-19
2.159e-19
2.153e-19
2.15e-19
2.146e-19
2.113e-19
2.045e-19
1.964e-19
1.861e-19
1.723e-19
1.432e-19
1.138e-19
9.263e-20
7.398e-20
5.838e-20
3.471e-20
1.556e-20
6.679e-21
2.712e-21
1.052e-21
3.891e-22
1.374e-22
4.668e-23
1.541e-23
5.057e-24
1.638e-24
5.254e-25
1.673e-25
5.296e-26
1.668e-26
1.124e-10
3.395e-11
1.041e-11
3.234e-12
1.015e-12
3.212e-13
1.024e-13
3.164e-14
1.454e-14
7.253e-15
3.641e-15
1.836e-15
9.308e-16
4.612e-16
2.287e-16
1.142e-16
5.791e-17
3.674e-17
2.337e-17
1.467e-17
9.178e-18
5.774e-18
3.649e-18
2.314e-18
1.472e-18
9.261e-19
7.3e-19
7.261e-19
7.247e-19
7.247e-19
7.249e-19
7.159e-19
6.959e-19
6.734e-19
6.445e-19
5.656e-19
4.418e-19
3.512e-19
2.859e-19
2.286e-19
1.807e-19
1.418e-19
1.013e-19
4.414e-20
1.816e-20
7.136e-21
2.676e-21
9.591e-22
3.301e-22
1.101e-22
3.637e-23
1.183e-23
3.809e-24
1.215e-24
3.852e-25
1.214e-25
2.769e-09
8.18e-10
2.467e-10
7.561e-11
2.348e-11
7.372e-12
2.334e-12
7.175e-13
2.223e-13
6.956e-14
2.887e-14
1.454e-14
7.365e-15
3.647e-15
1.807e-15
9.018e-16
4.527e-16
2.285e-16
1.158e-16
6.413e-17
4.013e-17
2.524e-17
1.595e-17
1.012e-17
6.436e-18
4.048e-18
2.532e-18
2.131e-18
2.128e-18
2.13e-18
2.134e-18
2.112e-18
2.061e-18
2.006e-18
1.936e-18
1.672e-18
1.306e-18
1.038e-18
8.451e-19
6.759e-19
5.346e-19
4.193e-19
3.275e-19
2.48e-19
1.051e-19
4.267e-20
1.653e-20
6.109e-21
2.157e-21
7.326e-22
2.445e-22
8.011e-23
2.59e-23
8.286e-24
2.631e-24
8.301e-25
5.806e-08
1.638e-08
4.766e-09
1.421e-09
4.318e-10
1.333e-10
4.162e-11
1.265e-11
3.884e-12
1.207e-12
3.789e-13
1.199e-13
5.187e-14
2.564e-14
1.268e-14
6.323e-15
3.172e-15
1.6e-15
8.105e-16
4.03e-16
1.996e-16
1.037e-16
6.551e-17
4.154e-17
2.642e-17
1.662e-17
1.039e-17
6.536e-18
5.96e-18
5.97e-18
5.988e-18
5.939e-18
5.812e-18
5.68e-18
5.52e-18
4.497e-18
3.512e-18
2.792e-18
2.274e-18
1.819e-18
1.439e-18
1.13e-18
8.831e-19
6.966e-19
5.378e-19
2.217e-19
8.72e-20
3.269e-20
1.171e-20
4.025e-21
1.354e-21
4.465e-22
1.45e-22
4.654e-23
1.481e-23
4.677e-24
1.182e-06
3.122e-07
8.631e-08
2.473e-08
7.282e-09
2.192e-09
6.715e-10
2.006e-10
6.079e-11
1.87e-11
5.823e-12
1.831e-12
5.809e-13
1.796e-13
7.729e-14
3.848e-14
1.928e-14
9.716e-15
4.919e-15
2.444e-15
1.21e-15
6.036e-16
3.029e-16
1.528e-16
9.597e-17
6.035e-17
3.774e-17
2.373e-17
1.499e-17
1.501e-17
1.507e-17
1.497e-17
1.468e-17
1.44e-17
1.407e-17
1.166e-17
9.106e-18
7.238e-18
5.895e-18
4.717e-18
3.732e-18
2.93e-18
2.289e-18
1.806e-18
1.458e-18
1.016e-18
4.115e-19
1.589e-19
5.852e-20
2.06e-20
7.032e-21
2.343e-21
7.658e-22
2.468e-22
7.874e-23
2.491e-23
2.996e-05
5.965e-06
1.496e-06
3.972e-07
1.102e-07
3.163e-08
9.33e-09
2.699e-09
7.976e-10
2.406e-10
7.379e-11
2.293e-11
7.205e-12
2.21e-12
6.806e-13
2.131e-13
1.065e-13
5.358e-14
2.708e-14
1.344e-14
6.649e-15
3.313e-15
1.662e-15
8.381e-16
4.245e-16
2.118e-16
1.3e-16
8.17e-17
5.16e-17
3.271e-17
3.644e-17
3.624e-17
3.56e-17
3.502e-17
3.436e-17
2.801e-17
2.188e-17
1.739e-17
1.416e-17
1.133e-17
8.97e-18
7.043e-18
5.505e-18
4.346e-18
3.524e-18
2.801e-18
1.737e-18
6.818e-19
2.55e-19
9.096e-20
3.134e-20
1.053e-20
3.462e-21
1.121e-21
3.585e-22
1.136e-22
0.002061
0.0001875
2.659e-05
6.39e-06
1.637e-06
4.41e-07
1.236e-07
3.42e-08
9.76e-09
2.866e-09
8.605e-10
2.629e-10
8.153e-11
2.473e-11
7.547e-12
2.335e-12
7.302e-13
2.633e-13
1.328e-13
6.582e-14
3.252e-14
1.619e-14
8.115e-15
4.089e-15
2.07e-15
1.032e-15
5.108e-16
2.547e-16
1.608e-16
1.019e-16
6.48e-17
8.035e-17
7.906e-17
7.794e-17
7.674e-17
6.518e-17
5.091e-17
4.047e-17
3.296e-17
2.637e-17
2.087e-17
1.639e-17
1.281e-17
1.011e-17
8.214e-18
6.536e-18
5.142e-18
2.656e-18
1.021e-18
3.735e-19
1.311e-19
4.464e-20
1.483e-20
4.83e-21
1.551e-21
4.93e-22
0.2011
0.01484
0.001226
0.0001162
2.595e-05
6.256e-06
1.603e-06
4.101e-07
1.101e-07
3.083e-08
8.919e-09
2.646e-09
8.016e-10
2.384e-10
7.163e-11
2.189e-11
6.782e-12
2.125e-12
6.718e-13
2.98e-13
1.469e-13
7.298e-14
3.653e-14
1.839e-14
9.3e-15
4.634e-15
2.292e-15
1.142e-15
5.727e-16
3.034e-16
1.929e-16
1.216e-16
1.696e-16
1.675e-16
1.653e-16
1.425e-16
1.113e-16
8.848e-17
7.206e-17
5.766e-17
4.563e-17
3.584e-17
2.801e-17
2.212e-17
1.8e-17
1.436e-17
1.132e-17
8.881e-18
3.69e-18
1.372e-18
4.864e-19
1.672e-19
5.599e-20
1.835e-20
5.917e-21
1.885e-21
11.45
0.9224
0.07283
0.005983
0.0005377
9.269e-05
2.124e-05
4.923e-06
1.222e-06
3.216e-07
8.86e-08
2.528e-08
7.426e-09
2.151e-09
6.329e-10
1.903e-10
5.822e-11
1.806e-11
5.665e-12
1.743e-12
6.031e-13
2.99e-13
1.494e-13
7.509e-14
3.794e-14
1.888e-14
9.332e-15
4.648e-15
2.33e-15
1.174e-15
5.943e-16
3.335e-16
3.386e-16
3.348e-16
3.313e-16
3.03e-16
2.366e-16
1.881e-16
1.532e-16
1.226e-16
9.701e-17
7.618e-17
5.954e-17
4.702e-17
3.83e-17
3.059e-17
2.412e-17
1.89e-17
1.227e-17
4.68e-18
1.694e-18
5.924e-19
2.009e-19
6.645e-20
2.155e-20
6.891e-21
413.5
40.05
3.747
0.3314
0.02833
0.002472
0.0003258
6.481e-05
1.419e-05
3.379e-06
8.593e-07
2.3e-07
6.421e-08
1.78e-08
5.063e-09
1.483e-09
4.442e-10
1.355e-10
4.196e-11
1.277e-11
3.893e-12
1.203e-12
5.722e-13
2.869e-13
1.447e-13
7.189e-14
3.548e-14
1.765e-14
8.84e-15
4.452e-15
2.252e-15
1.127e-15
5.573e-16
6.498e-16
6.441e-16
6.117e-16
4.777e-16
3.797e-16
3.092e-16
2.474e-16
1.958e-16
1.538e-16
1.202e-16
9.494e-17
7.739e-17
6.189e-17
4.888e-17
3.833e-17
3.002e-17
1.466e-17
5.375e-18
1.901e-18
6.51e-19
2.169e-19
7.075e-20
2.27e-20
16250.0
1086.0
97.56
9.949
0.9738
0.09054
0.008196
0.0009139
0.0001728
3.647e-05
8.408e-06
2.08e-06
5.445e-07
1.429e-07
3.888e-08
1.1e-08
3.209e-09
9.586e-10
2.918e-10
8.758e-11
2.639e-11
8.081e-12
2.508e-12
1.012e-12
5.093e-13
2.526e-13
1.244e-13
6.183e-14
3.094e-14
1.557e-14
7.872e-15
3.937e-15
1.946e-15
9.689e-16
1.18e-15
1.171e-15
9.41e-16
7.479e-16
6.091e-16
4.874e-16
3.857e-16
3.029e-16
2.367e-16
1.87e-16
1.525e-16
1.22e-16
9.639e-17
7.558e-17
5.911e-17
4.275e-17
1.602e-17
5.773e-18
2.008e-18
6.772e-19
2.227e-19
7.182e-20
1388000.0
87740.0
5906.0
426.7
33.54
2.931
0.2907
0.02975
0.003592
0.0004501
9.019e-05
1.983e-05
4.711e-06
1.135e-06
2.888e-07
7.75e-08
2.168e-08
6.266e-09
1.858e-09
5.456e-10
1.615e-10
4.88e-11
1.498e-11
4.661e-12
1.698e-12
8.395e-13
4.125e-13
2.045e-13
1.022e-13
5.135e-14
2.594e-14
1.296e-14
6.401e-15
3.186e-15
1.596e-15
2.094e-15
1.775e-15
1.411e-15
1.149e-15
9.192e-16
7.274e-16
5.712e-16
4.464e-16
3.527e-16
2.877e-16
2.303e-16
1.821e-16
1.429e-16
1.118e-16
8.787e-17
4.439e-17
1.621e-17
5.702e-18
1.941e-18
6.427e-19
2.083e-19
116900000.0
7159000.0
459700.0
30990.0
2206.0
167.5
13.79
1.132
0.1064
0.01187
0.001583
0.0001974
4.185e-05
9.115e-06
2.136e-06
5.37e-07
1.427e-07
3.958e-08
1.136e-08
3.244e-09
9.396e-10
2.79e-10
8.453e-11
2.602e-11
8.11e-12
2.611e-12
1.279e-12
6.324e-13
3.153e-13
1.582e-13
7.982e-14
3.985e-14
1.966e-14
9.78e-15
4.898e-15
2.466e-15
3.277e-15
2.604e-15
2.12e-15
1.696e-15
1.342e-15
1.054e-15
8.238e-16
6.508e-16
5.309e-16
4.252e-16
3.363e-16
2.64e-16
2.063e-16
1.62e-16
1.158e-16
4.314e-17
1.544e-17
5.332e-18
1.784e-18
5.824e-19
6964000000.0
420100000.0
26370000.0
1720000.0
116700.0
8297.0
624.1
45.71
3.707
0.3433
0.037
0.004673
0.0006887
7.905e-05
1.651e-05
3.782e-06
9.319e-07
2.434e-07
6.657e-08
1.825e-08
5.115e-09
1.481e-09
4.398e-10
1.333e-10
4.103e-11
1.249e-11
3.789e-12
1.866e-12
9.276e-13
4.644e-13
2.338e-13
1.166e-13
5.744e-14
2.854e-14
1.428e-14
7.187e-15
3.635e-15
4.633e-15
3.772e-15
3.018e-15
2.388e-15
1.875e-15
1.465e-15
1.158e-15
9.445e-16
7.566e-16
5.988e-16
4.702e-16
3.676e-16
2.886e-16
2.313e-16
1.078e-16
3.909e-17
1.365e-17
4.607e-18
1.514e-18
392700000000.0
23510000000.0
1459000000.0
93440000.0
6170000.0
420800.0
29760.0
1995.0
143.2
11.29
0.9965
0.1008
0.01192
0.00151
0.0002233
2.717e-05
6.125e-06
1.489e-06
3.842e-07
1.002e-07
2.699e-08
7.574e-09
2.195e-09
6.525e-10
1.979e-10
5.946e-11
1.785e-11
5.454e-12
2.578e-12
1.287e-12
6.467e-13
3.218e-13
1.583e-13
7.857e-14
3.928e-14
1.975e-14
9.984e-15
5.008e-15
6.585e-15
5.267e-15
4.168e-15
3.272e-15
2.557e-15
2.02e-15
1.648e-15
1.32e-15
1.045e-15
8.207e-16
6.414e-16
5.032e-16
4.04e-16
2.56e-16
9.455e-17
3.354e-17
1.147e-17
3.802e-18
16220000000000.0
967200000000.0
59650000000.0
3786000000.0
246500000.0
16470000.0
1128000.0
72170.0
4861.0
351.8
27.76
2.433
0.2426
0.0254
0.003084
0.0004441
7.438e-05
9.394e-06
2.237e-06
5.445e-07
1.386e-07
3.723e-08
1.042e-08
3.014e-09
8.943e-10
2.64e-10
7.811e-11
2.359e-11
7.24e-12
3.429e-12
1.717e-12
8.52e-13
4.183e-13
2.072e-13
1.035e-13
5.197e-14
2.625e-14
1.316e-14
6.492e-15
8.909e-15
7.048e-15
5.533e-15
4.324e-15
3.415e-15
2.787e-15
2.233e-15
1.768e-15
1.389e-15
1.085e-15
8.517e-16
6.855e-16
5.434e-16
2.164e-16
7.772e-17
2.686e-17
8.977e-18
630200000000000.0
37510000000000.0
2306000000000.0
145700000000.0
9416000000.0
621700000.0
41860000.0
2603000.0
168100.0
11440.0
827.9
64.39
5.495
0.4794
0.04755
0.0056
0.0007822
0.0001276
2.373e-05
2.96e-06
7.055e-07
1.798e-07
4.83e-08
1.352e-08
3.907e-09
1.128e-09
3.281e-10
9.774e-11
2.968e-11
9.15e-12
4.343e-12
2.148e-12
1.052e-12
5.201e-13
2.592e-13
1.301e-13
6.562e-14
3.287e-14
1.621e-14
1.482e-14
1.172e-14
9.199e-15
7.187e-15
5.676e-15
4.632e-15
3.711e-15
2.938e-15
2.308e-15
1.804e-15
1.415e-15
1.141e-15
9.042e-16
4.742e-16
1.733e-16
6.076e-17
2.053e-17
1.87e+16
1112000000000000.0
68230000000000.0
4299000000000.0
276800000000.0
18160000000.0
1212000000.0
74180000.0
4680000.0
308000.0
21240.0
1544.0
120.4
9.371
0.8081
0.08067
0.00944
0.001297
0.0002066
3.517e-05
3.645e-06
8.662e-07
2.2e-07
5.888e-08
1.642e-08
4.603e-09
1.306e-09
3.82e-10
1.143e-10
3.484e-11
1.077e-11
5.235e-12
2.554e-12
1.259e-12
6.261e-13
3.136e-13
1.58e-13
7.906e-14
3.894e-14
1.935e-14
1.897e-14
1.489e-14
1.163e-14
9.183e-15
7.493e-15
6.004e-15
4.754e-15
3.735e-15
2.919e-15
2.29e-15
1.851e-15
1.468e-15
9.924e-16
3.678e-16
1.305e-16
4.456e-17
5.229e+17
3.108e+16
1906000000000000.0
119900000000000.0
7703000000000.0
503800000000.0
33430000000.0
2029000000.0
126300000.0
8147000.0
544600.0
37840.0
2759.0
195.7
14.94
1.28
0.1255
0.01435
0.001923
0.0002795
4.612e-05
4.188e-06
9.968e-07
2.532e-07
6.771e-08
1.832e-08
5.053e-09
1.445e-09
4.249e-10
1.277e-10
3.908e-11
1.224e-11
5.945e-12
2.922e-12
1.449e-12
7.244e-13
3.644e-13
1.821e-13
8.959e-14
4.447e-14
2.223e-14
2.372e-14
1.853e-14
1.463e-14
1.194e-14
9.565e-15
7.574e-15
5.95e-15
4.651e-15
3.648e-15
2.952e-15
2.342e-15
1.846e-15
7.526e-16
2.714e-16
9.383e-17
6.723e+18
6.885e+17
4.22e+16
2653000000000000.0
170200000000000.0
11110000000000.0
735200000000.0
44410000000.0
2744000000.0
174900000.0
11490000.0
777500.0
54550.0
3660.0
259.1
20.14
1.749
0.1732
0.01985
0.002456
0.0003476
5.757e-05
8.437e-06
1.09e-06
2.759e-07
7.128e-08
1.893e-08
5.256e-09
1.51e-09
4.458e-10
1.344e-10
4.044e-11
1.345e-11
6.581e-12
3.253e-12
1.621e-12
8.139e-13
4.06e-13
1.994e-13
9.889e-14
4.938e-14
2.482e-14
2.884e-14
2.277e-14
1.858e-14
1.488e-14
1.179e-14
9.26e-15
7.237e-15
5.678e-15
4.603e-15
3.656e-15
2.881e-15
1.477e-15
5.4e-16
1.889e-16
1.468e+19
3.573e+18
8.835e+17
5.559e+16
3564000000000000.0
232400000000000.0
15350000000000.0
924600000000.0
56880000000.0
3601000000.0
234100000.0
15590000.0
1067000.0
68920.0
4618.0
332.5
26.04
2.26
0.2218
0.02325
0.002788
0.0003973
6.614e-05
9.392e-06
1.12e-06
2.744e-07
6.975e-08
1.871e-08
5.234e-09
1.512e-09
4.484e-10
1.33e-10
3.932e-11
1.43e-11
7.041e-12
3.498e-12
1.752e-12
8.719e-13
4.276e-13
2.117e-13
1.056e-13
5.305e-14
4.429e-14
3.496e-14
2.852e-14
2.285e-14
1.809e-14
1.421e-14
1.111e-14
8.713e-15
7.071e-15
5.62e-15
4.427e-15
2.801e-15
1.041e-15
3.695e-16
3.166e+19
7.705e+18
1.905e+18
4.773e+17
6.103e+16
3978000000000000.0
262400000000000.0
15780000000000.0
968300000000.0
61060000000.0
3944000000.0
260100000.0
17550000.0
1108000.0
71760.0
4924.0
361.0
28.73
2.527
0.2331
0.02421
0.002974
0.0004301
7.206e-05
9.7e-06
1.057e-06
2.544e-07
6.532e-08
1.764e-08
4.961e-09
1.439e-09
4.192e-10
1.221e-10
3.642e-11
1.486e-11
7.353e-12
3.669e-12
1.821e-12
8.913e-13
4.405e-13
2.195e-13
1.101e-13
5.552e-14
5.259e-14
4.29e-14
3.436e-14
2.72e-14
2.137e-14
1.67e-14
1.31e-14
1.065e-14
8.471e-15
6.674e-15
5.126e-15
1.934e-15
6.952e-16
6.509e+19
1.584e+19
3.916e+18
9.81e+17
2.483e+17
6.343e+16
4266000000000000.0
256300000000000.0
15700000000000.0
987600000000.0
63560000000.0
4168000000.0
278700000.0
17340000.0
1098000.0
72910.0
5095.0
378.8
30.38
2.491
0.2253
0.02376
0.002954
0.000431
7.271e-05
8.764e-06
9.241e-07
2.257e-07
5.86e-08
1.596e-08
4.514e-09
1.288e-09
3.688e-10
1.086e-10
3.265e-11
1.497e-11
7.444e-12
3.684e-12
1.798e-12
8.87e-13
4.412e-13
2.211e-13
1.114e-13
5.595e-14
6.374e-14
5.104e-14
4.04e-14
3.174e-14
2.48e-14
1.945e-14
1.582e-14
1.26e-14
9.922e-15
7.796e-15
3.486e-15
1.273e-15
1.322e+20
3.217e+19
7.953e+18
1.992e+18
5.043e+17
1.288e+17
3.311e+16
3495000000000000.0
213900000000000.0
13440000000000.0
862700000000.0
56370000000.0
3749000000.0
231100000.0
14440000.0
938700.0
63630.0
4527.0
341.7
25.84
2.113
0.1978
0.02154
0.002745
0.0004077
6.365e-05
7.163e-06
7.793e-07
1.926e-07
5.042e-08
1.381e-08
3.84e-09
1.076e-09
3.115e-10
9.248e-11
2.985e-11
1.477e-11
7.28e-12
3.541e-12
1.742e-12
8.651e-13
4.328e-13
2.178e-13
1.093e-13
9.301e-14
7.447e-14
5.893e-14
4.629e-14
3.617e-14
2.837e-14
2.31e-14
1.841e-14
1.45e-14
1.139e-14
6.085e-15
2.254e-15
2.576e+20
6.266e+19
1.549e+19
3.88e+18
9.823e+17
2.509e+17
6.449e+16
1.578e+16
2781000000000000.0
174500000000000.0
11190000000000.0
729400000000.0
48340000000.0
2963000000.0
183500000.0
11770000.0
781500.0
53930.0
3891.0
275.9
20.7
1.739
0.1664
0.01845
0.00239
0.0003397
4.766e-05
5.531e-06
6.299e-07
1.577e-07
4.168e-08
1.124e-08
3.075e-09
8.733e-10
2.554e-10
7.646e-11
2.851e-11
1.399e-11
6.78e-12
3.327e-12
1.648e-12
8.229e-13
4.135e-13
2.073e-13
1.019e-13
1.075e-13
8.502e-14
6.677e-14
5.216e-14
4.091e-14
3.333e-14
2.657e-14
2.094e-14
1.643e-14
1.033e-14
3.889e-15
4.966e+20
1.207e+20
2.984e+19
7.474e+18
1.892e+18
4.831e+17
1.242e+17
3.038e+16
7503000000000000.0
1878000000000000.0
124600000000000.0
8111000000000.0
536400000000.0
32760000000.0
2017000000.0
128300000.0
8405000.0
568600.0
39830.0
2704.0
191.2
14.86
1.292
0.1279
0.01465
0.001838
0.0002601
3.394e-05
4.048e-06
4.915e-07
1.244e-07
3.234e-08
8.583e-09
2.381e-09
6.836e-10
2.017e-10
6.081e-11
2.637e-11
1.272e-11
6.219e-12
3.072e-12
1.531e-12
7.678e-13
3.843e-13
1.887e-13
1.526e-13
1.207e-13
9.479e-14
7.404e-14
5.806e-14
4.733e-14
3.777e-14
2.977e-14
2.336e-14
1.705e-14
6.515e-15
9.241e+20
2.245e+20
5.545e+19
1.388e+19
3.513e+18
8.969e+17
2.305e+17
5.639e+16
1.393e+16
3484000000000000.0
881500000000000.0
86400000000000.0
5706000000000.0
347700000000.0
21330000000.0
1349000000.0
87600000.0
5847000.0
401400.0
26410.0
1784.0
130.2
10.41
0.9287
0.09427
0.0104
0.001295
0.0001908
2.292e-05
2.811e-06
3.688e-07
9.209e-08
2.362e-08
6.381e-09
1.794e-09
5.207e-10
1.55e-10
4.854e-11
2.329e-11
1.134e-11
5.584e-12
2.776e-12
1.39e-12
6.945e-13
3.405e-13
1.685e-13
1.697e-13
1.332e-13
1.04e-13
8.157e-14
6.652e-14
5.31e-14
4.187e-14
3.284e-14
2.484e-14
1.066e-14
1.708e+21
4.139e+20
1.021e+20
2.554e+19
6.458e+18
1.648e+18
4.235e+17
1.036e+17
2.558e+16
6399000000000000.0
1619000000000000.0
412800000000000.0
53080000000000.0
3229000000000.0
197600000000.0
12450000000.0
804000000.0
53190000.0
3603000.0
232100.0
15200.0
1061.0
79.96
6.602
0.6094
0.06034
0.006689
0.0008779
0.000132
1.473e-05
1.854e-06
2.605e-07
6.417e-08
1.679e-08
4.604e-09
1.309e-09
3.836e-10
1.132e-10
4.194e-11
2.032e-11
9.965e-12
4.938e-12
2.467e-12
1.23e-12
6.021e-13
2.976e-13
2.352e-13
1.846e-13
1.441e-13
1.13e-13
9.217e-14
7.362e-14
5.808e-14
4.555e-14
3.491e-14
1.698e-14
3.081e+21
7.426e+20
1.826e+20
4.557e+19
1.151e+19
2.935e+18
7.537e+17
1.843e+17
4.549e+16
1.138e+16
2878000000000000.0
733900000000000.0
188600000000000.0
28830000000000.0
1761000000000.0
110700000000.0
7120000000.0
468200000.0
31420000.0
1995000.0
127700.0
8630.0
620.7
48.06
4.08
0.3646
0.03601
0.004191
0.0005745
7.826e-05
9.024e-06
1.122e-06
1.731e-07
4.37e-08
1.165e-08
3.24e-09
9.322e-10
2.71e-10
7.844e-11
3.562e-11
1.74e-11
8.593e-12
4.281e-12
2.13e-12
1.041e-12
5.138e-13
2.557e-13
2.535e-13
1.979e-13
1.551e-13
1.265e-13
1.011e-13
7.977e-14
6.254e-14
4.831e-14
2.645e-14
5.6e+21
1.334e+21
3.256e+20
8.088e+19
2.036e+19
5.183e+18
1.33e+18
3.248e+17
8.014e+16
2.004e+16
5067000000000000.0
1292000000000000.0
332000000000000.0
81710000000000.0
13940000000000.0
874800000000.0
56130000000.0
3676000000.0
245200000.0
15410000.0
971500.0
64170.0
4465.0
330.1
26.33
2.174
0.1954
0.02048
0.002518
0.0003626
4.429e-05
5.069e-06
6.242e-07
1.127e-07
2.905e-08
7.867e-09
2.216e-09
6.333e-10
1.807e-10
6.156e-11
2.991e-11
1.471e-11
7.304e-12
3.626e-12
1.768e-12
8.709e-13
4.329e-13
2.167e-13
2.682e-13
2.102e-13
1.715e-13
1.371e-13
1.082e-13
8.484e-14
6.597e-14
4.028e-14
1.022e+22
2.381e+21
5.725e+20
1.408e+20
3.524e+19
8.931e+18
2.285e+18
5.571e+17
1.373e+17
3.431e+16
8671000000000000.0
2210000000000000.0
567900000000000.0
139700000000000.0
34450000000000.0
6664000000000.0
426900000000.0
27880000000.0
1852000000.0
115600000.0
7207000.0
468300.0
31800.0
2269.0
172.1
13.27
1.095
0.1037
0.01142
0.001473
0.0002205
2.306e-05
2.626e-06
2.89e-07
7.182e-08
1.889e-08
5.197e-09
1.457e-09
4.09e-10
1.186e-10
5.044e-11
2.47e-11
1.222e-11
6.049e-12
2.942e-12
1.447e-12
7.18e-13
3.59e-13
3.606e-13
2.825e-13
2.306e-13
1.843e-13
1.455e-13
1.14e-13
8.88e-14
5.818e-14
1.955e+22
4.387e+21
1.026e+21
2.477e+20
6.118e+19
1.538e+19
3.912e+18
9.501e+17
2.336e+17
5.828e+16
1.472e+16
3749000000000000.0
962800000000000.0
236800000000000.0
58370000000000.0
14590000000000.0
2923000000000.0
190500000000.0
12620000000.0
783600000.0
48500000.0
3115000.0
207900.0
14460.0
1058.0
77.51
5.981
0.5222
0.05237
0.006111
0.0008318
0.0001058
1.107e-05
1.327e-06
1.764e-07
4.482e-08
1.2e-08
3.288e-09
9.062e-10
2.589e-10
8.398e-11
4.09e-11
2.015e-11
9.94e-12
4.82e-12
2.365e-12
1.172e-12
5.851e-13
4.794e-13
3.754e-13
3.064e-13
2.45e-13
1.934e-13
1.516e-13
1.181e-13
7.768e-14
3.919e+22
8.353e+21
1.876e+21
4.389e+20
1.06e+20
2.621e+19
6.597e+18
1.59e+18
3.89e+17
9.676e+16
2.438e+16
6204000000000000.0
1592000000000000.0
391400000000000.0
96430000000000.0
24090000000000.0
6086000000000.0
1259000000000.0
83180000000.0
5148000000.0
317000000.0
20190000.0
1331000.0
90850.0
6463.0
454.5
33.15
2.692
0.2472
0.02612
0.003208
0.0004387
4.704e-05
5.218e-06
6.561e-07
1.056e-07
2.744e-08
7.334e-09
1.98e-09
5.567e-10
1.615e-10
6.659e-11
3.266e-11
1.605e-11
7.757e-12
3.797e-12
1.878e-12
9.363e-13
4.7e-13
4.952e-13
4.041e-13
3.231e-13
2.551e-13
2e-13
1.551e-13
1.024e-13
8.553e+22
1.712e+22
3.639e+21
8.137e+20
1.895e+20
4.561e+19
1.125e+19
2.673e+18
6.478e+17
1.601e+17
4.02e+16
1.02e+16
2614000000000000.0
641800000000000.0
158000000000000.0
39460000000000.0
9964000000000.0
2540000000000.0
499500000000.0
30840000000.0
1892000000.0
119800000.0
7826000.0
527100.0
36750.0
2507.0
175.2
13.45
1.15
0.1118
0.01252
0.001558
0.0002013
2.056e-05
2.407e-06
3.16e-07
6.216e-08
1.615e-08
4.256e-09
1.175e-09
3.358e-10
1.072e-10
5.228e-11
2.558e-11
1.232e-11
6.012e-12
2.967e-12
1.476e-12
7.402e-13
6.465e-13
5.275e-13
4.218e-13
3.331e-13
2.611e-13
2.013e-13
1.336e-13
1.966e+23
3.698e+22
7.419e+21
1.573e+21
3.497e+20
8.099e+19
1.938e+19
4.493e+18
1.071e+18
2.617e+17
6.52e+16
1.646e+16
4205000000000000.0
1030000000000000.0
253300000000000.0
63210000000000.0
15950000000000.0
4065000000000.0
1044000000000.0
179100000000.0
10960000000.0
691000000.0
44840000.0
2990000.0
205300.0
13690.0
924.6
67.7
5.443
0.4896
0.05015
0.005671
0.0007135
8.17e-05
8.862e-06
1.091e-06
1.4e-07
3.525e-08
9.054e-09
2.448e-09
6.887e-10
2e-10
8.244e-11
4.014e-11
1.925e-11
9.367e-12
4.611e-12
2.29e-12
1.147e-12
5.751e-13
6.839e-13
5.468e-13
4.318e-13
3.384e-13
2.582e-13
1.722e-13
4.924e+23
8.697e+22
1.64e+22
3.276e+21
6.892e+20
1.518e+20
3.482e+19
7.777e+18
1.803e+18
4.32e+17
1.062e+17
2.657e+16
6747000000000000.0
1646000000000000.0
403700000000000.0
100600000000000.0
25350000000000.0
6455000000000.0
1656000000000.0
410100000000.0
58400000000.0
3672000000.0
237200000.0
15700000.0
1066000.0
69860.0
4600.0
324.9
24.89
2.103
0.1998
0.02076
0.002389
0.0003251
3.267e-05
3.751e-06
4.84e-07
7.635e-08
1.904e-08
5.03e-09
1.389e-09
3.976e-10
1.287e-10
6.23e-11
2.974e-11
1.442e-11
7.076e-12
3.507e-12
1.753e-12
8.778e-13
8.784e-13
7.023e-13
5.546e-13
4.346e-13
3.28e-13
2.197e-13
1.258e+24
2.111e+23
3.773e+22
7.137e+21
1.422e+21
2.973e+20
6.494e+19
1.385e+19
3.089e+18
7.189e+17
1.729e+17
4.261e+16
1.07e+16
2593000000000000.0
632800000000000.0
157100000000000.0
39530000000000.0
10050000000000.0
2577000000000.0
637700000000.0
157000000000.0
18960000000.0
1221000000.0
80370000.0
5413000.0
350100.0
22600.0
1552.0
114.2
9.139
0.8106
0.07762
0.008172
0.001016
0.0001214
1.295e-05
1.568e-06
2.053e-07
3.976e-08
1.024e-08
2.772e-09
7.807e-10
2.268e-10
9.537e-11
4.529e-11
2.187e-11
1.07e-11
5.293e-12
2.64e-12
1.32e-12
6.453e-13
8.962e-13
7.076e-13
5.544e-13
4.117e-13
2.774e-13
3.411e+24
5.484e+23
9.333e+22
1.675e+22
3.159e+21
6.251e+20
1.294e+20
2.61e+19
5.547e+18
1.24e+18
2.887e+17
6.942e+16
1.713e+16
4096000000000000.0
991100000000000.0
244700000000000.0
61350000000000.0
15570000000000.0
3985000000000.0
984900000000.0
242200000000.0
60440000000.0
5834000000.0
382600000.0
25620000.0
1641000.0
104400.0
7009.0
499.9
38.35
3.218
0.2877
0.028
0.003203
0.000431
4.469e-05
5.062e-06
6.256e-07
8.241e-08
2.063e-08
5.46e-09
1.51e-09
4.325e-10
1.447e-10
6.83e-11
3.283e-11
1.601e-11
7.895e-12
3.929e-12
1.962e-12
9.574e-13
1.134e-12
8.953e-13
7.015e-13
5.122e-13
3.471e-13
9.04e+24
1.413e+24
2.324e+23
4.004e+22
7.219e+21
1.361e+21
2.68e+20
5.12e+19
1.034e+19
2.205e+18
4.933e+17
1.147e+17
2.759e+16
6463000000000000.0
1542000000000000.0
377100000000000.0
93940000000000.0
23740000000000.0
6060000000000.0
1495000000000.0
367300000000.0
91550000000.0
23110000000.0
1775000000.0
118300000.0
7523000.0
473100.0
31240.0
2173.0
160.9
12.87
1.081
0.09765
0.01029
0.001272
0.0001554
1.639e-05
1.904e-06
2.356e-07
4.13e-08
1.066e-08
2.893e-09
8.156e-10
2.346e-10
1.017e-10
4.867e-11
2.364e-11
1.162e-11
5.772e-12
2.876e-12
1.401e-12
1.427e-12
1.126e-12
8.821e-13
6.304e-13
4.3e-13
2.466e+25
3.781e+24
6.059e+23
1.011e+23
1.752e+22
3.159e+21
5.925e+20
1.071e+20
2.048e+19
4.147e+18
8.845e+17
1.972e+17
4.577e+16
1.04e+16
2427000000000000.0
584400000000000.0
144100000000000.0
36150000000000.0
9185000000000.0
2259000000000.0
553700000000.0
137800000000.0
34760000000.0
7702000000.0
511600000.0
32350000.0
2017000.0
131500.0
8971.0
646.4
49.75
3.971
0.3367
0.03298
0.003772
0.0005049
5.302e-05
5.772e-06
6.747e-07
8.212e-08
2.064e-08
5.477e-09
1.518e-09
4.303e-10
1.502e-10
7.148e-11
3.457e-11
1.694e-11
8.389e-12
4.171e-12
2.029e-12
9.982e-13
1.406e-12
1.084e-12
7.693e-13
5.281e-13
6.407e+25
9.72e+24
1.535e+24
2.508e+23
4.234e+22
7.389e+21
1.334e+21
2.3e+20
4.187e+19
8.075e+18
1.642e+18
3.499e+17
7.792e+16
1.705e+16
3858000000000000.0
908200000000000.0
220200000000000.0
54630000000000.0
13780000000000.0
3370000000000.0
823000000000.0
204400000000.0
51460000000.0
13090000000.0
2159000000.0
136000000.0
8420000.0
543300.0
36520.0
2574.0
191.9
14.66
1.173
0.1073
0.01137
0.001406
0.0001726
1.754e-05
1.93e-06
2.414e-07
3.969e-08
1.029e-08
2.798e-09
7.813e-10
2.176e-10
1.038e-10
4.998e-11
2.44e-11
1.205e-11
5.977e-12
2.901e-12
1.425e-12
1.739e-12
1.298e-12
9.295e-13
6.426e-13
1.686e+26
2.54e+25
3.972e+24
6.4e+23
1.06e+23
1.803e+22
3.153e+21
5.213e+20
9.06e+19
1.664e+19
3.221e+18
6.54e+17
1.391e+17
2.908e+16
6326000000000000.0
1443000000000000.0
341500000000000.0
83240000000000.0
20730000000000.0
5026000000000.0
1220000000000.0
301900000000.0
75820000000.0
19260000000.0
4936000000.0
538200000.0
33160000.0
2123000.0
141100.0
9772.0
710.6
52.38
3.998
0.3449
0.03414
0.003923
0.000526
5.321e-05
5.498e-06
6.516e-07
7.586e-08
1.916e-08
5.103e-09
1.401e-09
3.847e-10
1.496e-10
7.163e-11
3.483e-11
1.714e-11
8.483e-12
4.109e-12
2.015e-12
2.045e-12
1.542e-12
1.114e-12
7.759e-13
4.201e+26
6.308e+25
9.81e+24
1.569e+24
2.569e+23
4.304e+22
7.37e+21
1.182e+21
1.982e+20
3.497e+19
6.483e+18
1.259e+18
2.56e+17
5.106e+16
1.064e+16
2337000000000000.0
536300000000000.0
127600000000000.0
31190000000000.0
7460000000000.0
1794000000000.0
441200000000.0
110400000000.0
27950000000.0
7151000000.0
1780000000.0
127800000.0
8133000.0
535500.0
36580.0
2607.0
186.5
13.66
1.118
0.1038
0.0111
0.001382
0.0001622
1.569e-05
1.757e-06
2.222e-07
3.549e-08
9.242e-09
2.491e-09
6.738e-10
2.134e-10
1.016e-10
4.92e-11
2.413e-11
1.191e-11
5.754e-12
2.817e-12
1.393e-12
1.814e-12
1.323e-12
9.284e-13
1.053e+27
1.578e+26
2.446e+25
3.892e+24
6.327e+23
1.049e+23
1.769e+22
2.774e+21
4.516e+20
7.692e+19
1.37e+19
2.547e+18
4.952e+17
9.405e+16
1.869e+16
3931000000000000.0
868400000000000.0
200000000000000.0
47690000000000.0
11180000000000.0
2650000000000.0
645300000000.0
160400000000.0
40440000000.0
10320000000.0
2562000000.0
466500000.0
29550000.0
1932000.0
130500.0
9155.0
639.6
45.3
3.545
0.3116
0.03127
0.003633
0.0004744
4.467e-05
4.713e-06
5.669e-07
7.612e-08
1.66e-08
4.386e-09
1.167e-09
3.24e-10
1.431e-10
6.896e-11
3.369e-11
1.658e-11
7.988e-12
3.902e-12
1.927e-12
2.119e-12
1.56e-12
1.103e-12
