# For the net reaction CH4 + NH3 -> HCN + H2 + H2 + H2
65 56 3640
T [K]
300.0 350.0 400.0 450.0 500.0 550.0 600.0 650.0 700.0 750.0 800.0 850.0 900.0 950.0 1000.0 1050.0 1100.0 1150.0 1200.0 1250.0 1300.0 1350.0 1400.0 1450.0 1500.0 1550.0 1600.0 1650.0 1700.0 1750.0 1800.0 1850.0 1900.0 1950.0 2000.0 2050.0 2100.0 2150.0 2200.0 2250.0 2300.0 2350.0 2400.0 2450.0 2500.0 2550.0 2600.0 2650.0 2700.0 2750.0 2800.0 2850.0 2900.0 2950.0 3000.0 3050.0 3100.0 3150.0 3200.0 3250.0 3300.0 3350.0 3400.0 3450.0 3500.0
p [bar]
1e-08 1.585e-08 2.512e-08 3.981e-08 6.31e-08 1e-07 1.585e-07 2.512e-07 3.981e-07 6.31e-07 1e-06 1.585e-06 2.512e-06 3.981e-06 6.31e-06 1e-05 1.585e-05 2.512e-05 3.981e-05 6.31e-05 0.0001 0.0001585 0.0002512 0.0003981 0.000631 0.001 0.001585 0.002512 0.003981 0.00631 0.01 0.01585 0.02512 0.03981 0.0631 0.1 0.1585 0.2512 0.3981 0.631 1.0 1.585 2.512 3.981 6.31 10.0 15.85 25.12 39.81 63.1 100.0 158.5 251.2 398.1 631.0 1000.0
kf [cm6 s-1]
1.326e-82
8.35e-83
5.263e-83
3.32e-83
2.096e-83
1.324e-83
8.362e-84
5.269e-84
3.321e-84
2.095e-84
1.322e-84
8.351e-85
5.276e-85
3.326e-85
2.097e-85
1.323e-85
8.353e-86
5.275e-86
3.33e-86
2.102e-86
1.328e-86
8.385e-87
5.291e-87
3.337e-87
2.103e-87
1.327e-87
8.382e-88
5.292e-88
3.339e-88
2.106e-88
1.327e-88
8.371e-89
5.288e-89
3.339e-89
2.107e-89
1.329e-89
8.374e-90
5.281e-90
3.336e-90
2.107e-90
1.329e-90
8.384e-91
5.285e-91
3.331e-91
2.105e-91
1.329e-91
8.388e-92
5.291e-92
3.335e-92
2.102e-92
1.328e-92
8.386e-93
5.293e-93
3.338e-93
2.104e-93
1.326e-93
2.868e-69
1.807e-69
1.139e-69
7.185e-70
4.535e-70
2.864e-70
1.81e-70
1.14e-70
7.189e-71
4.535e-71
2.863e-71
1.809e-71
1.144e-71
7.217e-72
4.556e-72
2.882e-72
1.827e-72
1.161e-72
7.414e-73
4.755e-73
3.078e-73
2.022e-73
1.353e-73
9.24e-74
6.389e-74
4.395e-74
2.957e-74
1.937e-74
1.245e-74
7.918e-75
5.007e-75
3.163e-75
1.999e-75
1.263e-75
7.968e-76
5.025e-76
3.167e-76
1.997e-76
1.262e-76
7.967e-77
5.028e-77
3.171e-77
1.999e-77
1.26e-77
7.96e-78
5.027e-78
3.172e-78
2.001e-78
1.261e-78
7.948e-79
5.022e-79
3.171e-79
2.002e-79
1.263e-79
7.959e-80
5.014e-80
2.598e-61
1.636e-61
1.032e-61
6.507e-62
4.108e-62
2.594e-62
1.639e-62
1.033e-62
6.509e-63
4.106e-63
2.592e-63
1.637e-63
1.034e-63
6.517e-64
4.107e-64
2.591e-64
1.635e-64
1.032e-64
6.523e-65
4.113e-65
2.592e-65
1.635e-65
1.032e-65
6.515e-66
4.115e-66
2.596e-66
1.637e-66
1.033e-66
6.526e-67
4.12e-67
2.6e-67
1.64e-67
1.036e-67
6.544e-68
4.129e-68
2.604e-68
1.641e-68
1.035e-68
6.539e-69
4.129e-69
2.606e-69
1.643e-69
1.036e-69
6.529e-70
4.125e-70
2.605e-70
1.644e-70
1.037e-70
6.536e-71
4.119e-71
2.603e-71
1.644e-71
1.037e-71
6.543e-72
4.125e-72
2.598e-72
3.143e-54
3.403e-54
3.288e-54
2.46e-54
1.757e-54
1.2e-54
7.912e-55
5.088e-55
3.236e-55
2.048e-55
1.295e-55
8.181e-56
5.17e-56
3.259e-56
2.054e-56
1.296e-56
8.178e-57
5.164e-57
3.263e-57
2.058e-57
1.297e-57
8.187e-58
5.171e-58
3.27e-58
2.07e-58
1.31e-58
8.304e-59
5.284e-59
3.38e-59
2.179e-59
1.419e-59
9.343e-60
6.205e-60
4.114e-60
2.692e-60
1.734e-60
1.104e-60
6.993e-61
4.426e-61
2.797e-61
1.765e-61
1.114e-61
7.019e-62
4.424e-62
2.796e-62
1.765e-62
1.114e-62
7.027e-63
4.429e-63
2.791e-63
1.764e-63
1.114e-63
7.03e-64
4.434e-64
2.795e-64
1.761e-64
1.826e-48
1.142e-48
7.175e-49
4.524e-49
2.865e-49
1.994e-49
1.254e-49
7.927e-50
5e-50
3.151e-50
1.986e-50
1.253e-50
7.915e-51
4.989e-51
3.144e-51
1.983e-51
1.252e-51
7.903e-52
4.993e-52
3.148e-52
1.984e-52
1.251e-52
7.897e-53
4.986e-53
3.15e-53
1.987e-53
1.252e-53
7.896e-54
4.983e-54
3.146e-54
1.987e-54
1.254e-54
7.907e-55
4.99e-55
3.151e-55
1.99e-55
1.256e-55
7.922e-56
5.005e-56
3.16e-56
1.995e-56
1.258e-56
7.929e-57
4.998e-57
3.158e-57
1.994e-57
1.259e-57
7.938e-58
5.003e-58
3.153e-58
1.992e-58
1.258e-58
7.941e-59
5.009e-59
3.157e-59
1.989e-59
9.865e-44
6.259e-44
3.96e-44
2.499e-44
1.575e-44
9.919e-45
6.25e-45
3.984e-45
2.554e-45
1.659e-45
1.103e-45
7.554e-46
5.293e-46
3.755e-46
2.626e-46
1.787e-46
1.18e-46
7.631e-47
4.872e-47
3.086e-47
1.949e-47
1.23e-47
7.764e-48
4.903e-48
3.098e-48
1.954e-48
1.232e-48
7.772e-49
4.908e-49
3.102e-49
1.963e-49
1.242e-49
7.86e-50
4.99e-50
3.182e-50
2.041e-50
1.317e-50
8.55e-51
5.559e-51
3.594e-51
2.301e-51
1.462e-51
9.247e-52
5.837e-52
3.69e-52
2.331e-52
1.471e-52
9.278e-53
5.848e-53
3.685e-53
2.329e-53
1.471e-53
9.282e-54
5.854e-54
3.69e-54
2.325e-54
9.082e-40
5.763e-40
3.645e-40
2.3e-40
1.449e-40
9.119e-41
5.733e-41
3.635e-41
2.3e-41
1.452e-41
9.146e-42
5.756e-42
3.619e-42
2.291e-42
1.449e-42
9.136e-43
5.754e-43
3.623e-43
2.283e-43
1.44e-43
9.073e-44
5.721e-44
3.609e-44
2.279e-44
1.44e-44
9.08e-45
5.722e-45
3.608e-45
2.277e-45
1.438e-45
9.082e-46
5.73e-46
3.611e-46
2.277e-46
1.437e-46
9.074e-47
5.731e-47
3.617e-47
2.282e-47
1.441e-47
9.1e-48
5.744e-48
3.623e-48
2.284e-48
1.443e-48
9.113e-49
5.752e-49
3.628e-49
2.287e-49
1.441e-49
9.105e-50
5.75e-50
3.629e-50
2.289e-50
1.443e-50
9.09e-51
1.976e-36
1.254e-36
7.93e-37
5.004e-37
3.153e-37
1.984e-37
1.247e-37
7.907e-38
5.003e-38
3.158e-38
1.99e-38
1.252e-38
7.875e-39
4.99e-39
3.162e-39
2.003e-39
1.271e-39
8.126e-40
5.263e-40
3.489e-40
2.341e-40
1.572e-40
1.048e-40
6.889e-41
4.458e-41
2.847e-41
1.804e-41
1.14e-41
7.202e-42
4.55e-42
2.875e-42
1.814e-42
1.144e-42
7.219e-43
4.56e-43
2.884e-43
1.826e-43
1.158e-43
7.347e-44
4.682e-44
2.997e-44
1.925e-44
1.236e-44
7.896e-45
5.025e-45
3.184e-45
2.013e-45
1.27e-45
8.01e-46
5.048e-46
3.19e-46
2.014e-46
1.271e-46
8.02e-47
5.055e-47
3.185e-47
1.554e-33
9.859e-34
6.237e-34
3.936e-34
2.48e-34
1.56e-34
9.809e-35
6.218e-35
3.934e-35
2.483e-35
1.565e-35
9.848e-36
6.192e-36
3.921e-36
2.482e-36
1.567e-36
9.876e-37
6.216e-37
3.908e-37
2.473e-37
1.565e-37
9.873e-38
6.218e-38
3.914e-38
2.465e-38
1.555e-38
9.799e-39
6.177e-39
3.897e-39
2.46e-39
1.554e-39
9.803e-40
6.177e-40
3.895e-40
2.458e-40
1.552e-40
9.803e-41
6.187e-41
3.899e-41
2.46e-41
1.553e-41
9.804e-42
6.191e-42
3.907e-42
2.468e-42
1.559e-42
9.838e-43
6.206e-43
3.912e-43
2.465e-43
1.558e-43
9.837e-44
6.209e-44
3.916e-44
2.469e-44
1.555e-44
4.89e-31
3.103e-31
1.963e-31
1.239e-31
7.803e-32
4.91e-32
3.087e-32
1.957e-32
1.238e-32
7.815e-33
4.924e-33
3.099e-33
1.948e-33
1.234e-33
7.811e-34
4.931e-34
3.108e-34
1.956e-34
1.23e-34
7.786e-35
4.933e-35
3.121e-35
1.976e-35
1.256e-35
8.047e-36
5.229e-36
3.424e-36
2.239e-36
1.458e-36
9.41e-37
6.022e-37
3.825e-37
2.417e-37
1.526e-37
9.638e-38
6.088e-38
3.847e-38
2.43e-38
1.533e-38
9.686e-39
6.13e-39
3.887e-39
2.47e-39
1.573e-39
1.004e-39
6.404e-40
4.073e-40
2.581e-40
1.63e-40
1.028e-40
6.499e-41
4.105e-41
2.591e-41
1.634e-41
1.03e-41
6.489e-42
7.931e-29
5.032e-29
3.183e-29
2.009e-29
1.266e-29
7.964e-30
5.007e-30
3.174e-30
2.008e-30
1.268e-30
7.987e-31
5.027e-31
3.16e-31
2.002e-31
1.267e-31
7.998e-32
5.041e-32
3.173e-32
1.995e-32
1.262e-32
7.991e-33
5.047e-33
3.181e-33
2.002e-33
1.259e-33
7.957e-34
5.035e-34
3.176e-34
2e-34
1.26e-34
7.937e-35
5.005e-35
3.155e-35
1.989e-35
1.255e-35
7.921e-36
5.003e-36
3.158e-36
1.99e-36
1.255e-36
7.918e-37
4.999e-37
3.157e-37
1.993e-37
1.258e-37
7.941e-38
5.015e-38
3.166e-38
1.996e-38
1.258e-38
7.951e-39
5.021e-39
3.169e-39
1.999e-39
1.26e-39
7.938e-40
6.937e-27
4.402e-27
2.784e-27
1.757e-27
1.107e-27
6.965e-28
4.379e-28
2.776e-28
1.756e-28
1.109e-28
6.986e-29
4.397e-29
2.764e-29
1.751e-29
1.108e-29
6.996e-30
4.409e-30
2.775e-30
1.745e-30
1.104e-30
6.99e-31
4.414e-31
2.783e-31
1.752e-31
1.102e-31
6.97e-32
4.422e-32
2.804e-32
1.782e-32
1.138e-32
7.303e-33
4.712e-33
3.04e-33
1.951e-33
1.245e-33
7.905e-34
5.007e-34
3.164e-34
1.995e-34
1.259e-34
7.951e-35
5.025e-35
3.179e-35
2.012e-35
1.274e-35
8.081e-36
5.138e-36
3.266e-36
2.071e-36
1.31e-36
8.286e-37
5.236e-37
3.306e-37
2.085e-37
1.315e-37
8.281e-38
1.204e-24
4.753e-25
1.883e-25
7.491e-26
6.132e-26
3.858e-26
2.425e-26
1.538e-26
9.729e-27
6.141e-27
3.869e-27
2.435e-27
1.531e-27
9.697e-28
6.137e-28
3.875e-28
2.442e-28
1.537e-28
9.665e-29
6.115e-29
3.872e-29
2.445e-29
1.541e-29
9.701e-30
6.101e-30
3.856e-30
2.442e-30
1.543e-30
9.724e-31
6.121e-31
3.85e-31
2.429e-31
1.535e-31
9.676e-32
6.096e-32
3.842e-32
2.425e-32
1.53e-32
9.64e-33
6.078e-33
3.835e-33
2.421e-33
1.529e-33
9.656e-34
6.087e-34
3.841e-34
2.425e-34
1.531e-34
9.666e-35
6.096e-35
3.851e-35
2.432e-35
1.535e-35
9.684e-36
6.105e-36
3.846e-36
2.822e-22
1.114e-22
4.414e-23
1.756e-23
7.003e-24
2.801e-24
1.122e-24
4.437e-25
3.485e-25
2.2e-25
1.386e-25
8.723e-26
5.484e-26
3.473e-26
2.198e-26
1.388e-26
8.747e-27
5.505e-27
3.462e-27
2.19e-27
1.387e-27
8.758e-28
5.52e-28
3.475e-28
2.185e-28
1.381e-28
8.748e-29
5.527e-29
3.485e-29
2.196e-29
1.383e-29
8.76e-30
5.583e-30
3.562e-30
2.275e-30
1.454e-30
9.29e-31
5.92e-31
3.755e-31
2.375e-31
1.501e-31
9.482e-32
5.993e-32
3.787e-32
2.39e-32
1.51e-32
9.561e-33
6.06e-33
3.843e-33
2.435e-33
1.543e-33
9.762e-34
6.167e-34
3.891e-34
2.453e-34
1.546e-34
2.991e-20
1.181e-20
4.679e-21
1.861e-21
7.423e-22
2.969e-22
1.19e-22
4.703e-23
1.863e-23
7.408e-24
2.954e-24
2.249e-24
1.414e-24
8.954e-25
5.667e-25
3.578e-25
2.255e-25
1.419e-25
8.924e-26
5.647e-26
3.575e-26
2.258e-26
1.423e-26
8.958e-27
5.633e-27
3.561e-27
2.255e-27
1.425e-27
8.981e-28
5.654e-28
3.556e-28
2.245e-28
1.422e-28
8.978e-29
5.657e-29
3.561e-29
2.242e-29
1.413e-29
8.912e-30
5.617e-30
3.543e-30
2.236e-30
1.412e-30
8.916e-31
5.619e-31
3.544e-31
2.237e-31
1.412e-31
8.919e-32
5.628e-32
3.555e-32
2.245e-32
1.417e-32
8.942e-33
5.637e-33
3.551e-33
2.513e-18
9.919e-19
3.931e-19
1.563e-19
6.236e-20
2.494e-20
9.995e-21
3.951e-21
1.565e-21
6.223e-22
2.482e-22
9.922e-23
3.976e-23
1.574e-23
1.062e-23
6.705e-24
4.226e-24
2.659e-24
1.672e-24
1.058e-24
6.699e-25
4.231e-25
2.667e-25
1.679e-25
1.056e-25
6.672e-26
4.226e-26
2.669e-26
1.683e-26
1.06e-26
6.664e-27
4.208e-27
2.667e-27
1.687e-27
1.066e-27
6.743e-28
4.274e-28
2.72e-28
1.735e-28
1.103e-28
7.003e-29
4.436e-29
2.807e-29
1.774e-29
1.119e-29
7.063e-30
4.462e-30
2.822e-30
1.786e-30
1.131e-30
7.162e-31
4.535e-31
2.868e-31
1.811e-31
1.142e-31
7.195e-32
1.191e-16
4.699e-17
1.862e-17
7.406e-18
2.954e-18
1.181e-18
4.734e-19
1.871e-19
7.414e-20
2.948e-20
1.175e-20
4.699e-21
1.883e-21
7.456e-22
2.952e-22
1.173e-22
4.678e-23
3.9e-23
2.453e-23
1.552e-23
9.825e-24
6.205e-24
3.911e-24
2.462e-24
1.548e-24
9.786e-25
6.198e-25
3.915e-25
2.468e-25
1.554e-25
9.772e-26
6.17e-26
3.909e-26
2.47e-26
1.557e-26
9.804e-27
6.166e-27
3.888e-27
2.457e-27
1.549e-27
9.76e-28
6.152e-28
3.882e-28
2.45e-28
1.544e-28
9.736e-29
6.144e-29
3.879e-29
2.45e-29
1.547e-29
9.762e-30
6.166e-30
3.893e-30
2.457e-30
1.549e-30
9.759e-31
4.671e-15
1.843e-15
7.303e-16
2.904e-16
1.158e-16
4.632e-17
1.856e-17
7.337e-18
2.907e-18
1.156e-18
4.608e-19
1.842e-19
7.381e-20
2.923e-20
1.157e-20
4.6e-21
1.834e-21
7.329e-22
2.936e-22
1.164e-22
1.133e-22
7.155e-23
4.51e-23
2.839e-23
1.785e-23
1.128e-23
7.147e-24
4.514e-24
2.846e-24
1.792e-24
1.127e-24
7.115e-25
4.508e-25
2.849e-25
1.797e-25
1.132e-25
7.127e-26
4.506e-26
2.864e-26
1.818e-26
1.153e-26
7.314e-27
4.637e-27
2.937e-27
1.855e-27
1.171e-27
7.395e-28
4.672e-28
2.954e-28
1.868e-28
1.181e-28
7.475e-29
4.73e-29
2.989e-29
1.886e-29
1.189e-29
1.199e-13
4.728e-14
1.872e-14
7.443e-15
2.968e-15
1.187e-15
4.754e-16
1.879e-16
7.443e-17
2.959e-17
1.18e-17
4.716e-18
1.89e-18
7.482e-19
2.963e-19
1.177e-19
4.694e-20
1.876e-20
7.515e-21
2.981e-21
1.18e-21
4.687e-22
4.311e-22
2.713e-22
1.706e-22
1.079e-22
6.831e-23
4.315e-23
2.72e-23
1.713e-23
1.077e-23
6.801e-24
4.309e-24
2.722e-24
1.717e-24
1.081e-24
6.798e-25
4.288e-25
2.715e-25
1.714e-25
1.08e-25
6.798e-26
4.282e-26
2.701e-26
1.702e-26
1.073e-26
6.771e-27
4.274e-27
2.699e-27
1.704e-27
1.075e-27
6.789e-28
4.288e-28
2.707e-28
1.707e-28
1.076e-28
8.126e-12
2.001e-12
4.967e-13
1.635e-13
6.515e-14
2.604e-14
1.043e-14
4.121e-15
1.632e-15
6.486e-16
2.586e-16
1.034e-16
4.141e-17
1.64e-17
6.492e-18
2.58e-18
1.028e-18
4.11e-19
1.646e-19
6.53e-20
2.585e-20
1.027e-20
4.092e-21
1.635e-21
1.355e-21
8.562e-22
5.423e-22
3.425e-22
2.16e-22
1.36e-22
8.55e-23
5.399e-23
3.42e-23
2.161e-23
1.363e-23
8.582e-24
5.398e-24
3.406e-24
2.16e-24
1.366e-24
8.638e-25
5.462e-25
3.456e-25
2.189e-25
1.386e-25
8.764e-26
5.537e-26
3.498e-26
2.211e-26
1.397e-26
8.823e-27
5.578e-27
3.528e-27
2.231e-27
1.408e-27
8.88e-28
3.897e-10
9.551e-11
2.363e-11
5.895e-12
1.481e-12
4.139e-13
1.656e-13
6.54e-14
2.589e-14
1.028e-14
4.099e-15
1.638e-15
6.561e-16
2.597e-16
1.028e-16
4.086e-17
1.628e-17
6.508e-18
2.607e-18
1.034e-18
4.092e-19
1.626e-19
6.479e-20
2.589e-20
1.037e-20
4.119e-21
3.716e-21
2.347e-21
1.48e-21
9.316e-22
5.859e-22
3.7e-22
2.344e-22
1.481e-22
9.338e-23
5.88e-23
3.698e-23
2.333e-23
1.478e-23
9.338e-24
5.887e-24
3.705e-24
2.332e-24
1.469e-24
9.272e-25
5.844e-25
3.685e-25
2.325e-25
1.468e-25
9.271e-26
5.846e-26
3.69e-26
2.33e-26
1.472e-26
9.284e-27
5.851e-27
1.625e-08
3.951e-09
9.712e-10
2.41e-10
6.03e-11
1.519e-11
3.85e-12
9.501e-13
3.614e-13
1.435e-13
5.715e-14
2.283e-14
9.14e-15
3.617e-15
1.432e-15
5.688e-16
2.267e-16
9.058e-17
3.628e-17
1.439e-17
5.694e-18
2.262e-18
9.013e-19
3.601e-19
1.442e-19
5.73e-20
2.267e-20
9.003e-21
8.76e-21
5.515e-21
3.468e-21
2.19e-21
1.387e-21
8.766e-22
5.528e-22
3.481e-22
2.189e-22
1.381e-22
8.753e-23
5.532e-23
3.491e-23
2.201e-23
1.388e-23
8.777e-24
5.564e-24
3.52e-24
2.225e-24
1.406e-24
8.886e-25
5.616e-25
3.543e-25
2.238e-25
1.415e-25
8.945e-26
5.65e-26
3.564e-26
4.884e-07
1.166e-07
2.827e-08
6.941e-09
1.722e-09
4.309e-10
1.086e-10
2.669e-11
6.594e-12
1.643e-12
6.205e-13
2.476e-13
9.904e-14
3.917e-14
1.549e-14
6.153e-15
2.451e-15
9.793e-16
3.921e-16
1.555e-16
6.153e-17
2.444e-17
9.738e-18
3.891e-18
1.558e-18
6.19e-19
2.449e-19
9.725e-20
3.874e-20
2.903e-20
1.826e-20
1.153e-20
7.302e-21
4.614e-21
2.909e-21
1.832e-21
1.152e-21
7.268e-22
4.606e-22
2.911e-22
1.835e-22
1.156e-22
7.27e-23
4.58e-23
2.894e-23
1.825e-23
1.15e-23
7.249e-24
4.575e-24
2.888e-24
1.821e-24
1.149e-24
7.255e-25
4.581e-25
2.891e-25
1.823e-25
1.369e-05
3.155e-06
7.471e-07
1.8e-07
4.402e-08
1.089e-08
2.72e-09
6.633e-10
1.629e-10
4.04e-11
1.01e-11
2.543e-12
9.652e-13
3.813e-13
1.507e-13
5.98e-14
2.381e-14
9.508e-15
3.806e-15
1.509e-15
5.969e-16
2.37e-16
9.443e-17
3.773e-17
1.511e-17
6.001e-18
2.374e-18
9.426e-19
3.755e-19
1.5e-19
6.005e-20
5.394e-20
3.418e-20
2.159e-20
1.362e-20
8.574e-21
5.392e-21
3.401e-21
2.156e-21
1.362e-21
8.594e-22
5.413e-22
3.408e-22
2.15e-22
1.363e-22
8.62e-23
5.446e-23
3.441e-23
2.174e-23
1.374e-23
8.669e-24
5.473e-24
3.458e-24
2.186e-24
1.381e-24
7.346e-25
0.0005012
8.474e-05
1.596e-05
3.712e-06
8.825e-07
2.136e-07
5.243e-08
1.26e-08
3.06e-09
7.52e-10
1.867e-10
4.674e-11
1.179e-11
3.049e-12
1.203e-12
4.766e-13
1.896e-13
7.564e-14
3.026e-14
1.199e-14
4.74e-15
1.882e-15
7.496e-16
2.994e-16
1.199e-16
4.761e-17
1.883e-17
7.477e-18
2.978e-18
1.19e-18
4.762e-19
1.896e-19
1.454e-19
9.187e-20
5.793e-20
3.647e-20
2.294e-20
1.447e-20
9.171e-21
5.796e-21
3.655e-21
2.302e-21
1.448e-21
9.121e-22
5.772e-22
3.642e-22
2.294e-22
1.445e-22
9.112e-23
5.75e-23
3.625e-23
2.287e-23
1.444e-23
9.116e-24
4.984e-24
2.493e-24
0.02014
0.003046
0.0004911
8.326e-05
1.682e-05
3.931e-06
9.386e-07
2.204e-07
5.256e-08
1.274e-08
3.127e-09
7.76e-10
1.944e-10
4.768e-11
1.172e-11
3.478e-12
1.381e-12
5.502e-13
2.198e-13
8.702e-14
3.439e-14
1.364e-14
5.432e-15
2.169e-15
8.681e-16
3.447e-16
1.363e-16
5.413e-17
2.156e-17
8.61e-18
3.447e-18
1.372e-18
5.424e-19
2.153e-19
2.24e-19
1.41e-19
8.869e-20
5.595e-20
3.546e-20
2.241e-20
1.413e-20
8.9e-21
5.6e-21
3.53e-21
2.237e-21
1.414e-21
8.928e-22
5.635e-22
3.559e-22
2.249e-22
1.419e-22
8.957e-23
5.657e-23
3.187e-23
1.6e-23
8.01e-24
0.8884
0.1114
0.01547
0.00233
0.000374
6.341e-05
1.442e-05
3.249e-06
7.504e-07
1.773e-07
4.27e-08
1.043e-08
2.581e-09
6.267e-10
1.529e-10
3.77e-11
9.384e-12
3.418e-12
1.363e-12
5.388e-13
2.126e-13
8.429e-14
3.353e-14
1.338e-14
5.353e-15
2.125e-15
8.401e-16
3.334e-16
1.328e-16
5.302e-17
2.122e-17
8.446e-18
3.339e-18
1.325e-18
5.278e-19
5.04e-19
3.17e-19
2e-19
1.267e-19
8.008e-20
5.051e-20
3.18e-20
2.001e-20
1.26e-20
7.984e-21
5.041e-21
3.176e-21
2e-21
1.26e-21
7.945e-22
5.009e-22
3.159e-22
1.86e-22
9.336e-23
4.684e-23
2.345e-23
51.75
5.126
0.5824
0.07428
0.01041
0.001577
0.0002539
4.684e-05
1.031e-05
2.348e-06
5.488e-07
1.31e-07
3.183e-08
7.61e-09
1.834e-09
4.481e-10
1.107e-10
2.762e-11
7.848e-12
3.095e-12
1.219e-12
4.825e-13
1.917e-13
7.645e-14
3.056e-14
1.212e-14
4.791e-15
1.901e-15
7.567e-16
3.021e-16
1.209e-16
4.811e-17
1.902e-17
7.548e-18
3.006e-18
1.2e-18
1.047e-18
6.604e-19
4.186e-19
2.645e-19
1.668e-19
1.051e-19
6.609e-20
4.164e-20
2.64e-20
1.668e-20
1.053e-20
6.637e-21
4.186e-21
2.644e-21
1.669e-21
1.033e-21
5.183e-22
2.603e-22
1.306e-22
6.546e-23
4050.0
312.1
27.48
2.774
0.3177
0.04062
0.005693
0.0008251
0.0001313
2.811e-05
6.259e-06
1.438e-06
3.389e-07
7.902e-08
1.867e-08
4.491e-09
1.096e-09
2.708e-10
6.757e-11
1.659e-11
6.151e-12
2.429e-12
9.634e-13
3.835e-13
1.531e-13
6.069e-14
2.396e-14
9.503e-15
3.781e-15
1.509e-15
6.038e-16
2.402e-16
9.493e-17
3.767e-17
1.5e-17
5.988e-18
2.397e-18
2.043e-18
1.295e-18
8.183e-19
5.161e-19
3.25e-19
2.044e-19
1.288e-19
8.162e-20
5.156e-20
3.25e-20
2.046e-20
1.288e-20
8.117e-21
5.12e-21
2.678e-21
1.343e-21
6.741e-22
3.382e-22
1.695e-22
299300.0
20790.0
1552.0
128.0
11.89
1.248
0.1469
0.01821
0.002488
0.0003694
7.102e-05
1.546e-05
3.489e-06
7.849e-07
1.802e-07
4.241e-08
1.017e-08
2.479e-09
6.118e-10
1.489e-10
3.624e-11
1.148e-11
4.541e-12
1.804e-12
7.191e-13
2.846e-13
1.123e-13
4.448e-14
1.769e-14
7.055e-15
2.821e-15
1.122e-15
4.433e-16
1.759e-16
7.001e-17
2.795e-17
1.119e-17
4.459e-18
3.75e-18
2.37e-18
1.495e-18
9.412e-19
5.92e-19
3.73e-19
2.365e-19
1.494e-19
9.426e-20
5.94e-20
3.743e-20
2.361e-20
1.324e-20
6.638e-21
3.331e-21
1.673e-21
8.397e-22
4.209e-22
18340000.0
1266000.0
91070.0
6824.0
541.2
46.68
4.468
0.4504
0.05144
0.006577
0.0009239
0.0001594
3.366e-05
7.16e-06
1.573e-06
3.576e-07
8.349e-08
1.992e-08
4.833e-09
1.16e-09
2.792e-10
6.815e-11
1.93e-11
7.641e-12
3.038e-12
1.2e-12
4.724e-13
1.869e-13
7.425e-14
2.96e-14
1.183e-14
4.701e-15
1.857e-15
7.364e-16
2.931e-16
1.17e-16
4.68e-17
1.865e-17
7.371e-18
6.496e-18
4.096e-18
2.579e-18
1.622e-18
1.022e-18
6.479e-19
4.094e-19
2.581e-19
1.625e-19
1.023e-19
6.193e-20
3.098e-20
1.552e-20
7.783e-21
3.906e-21
1.96e-21
9.826e-22
950900000.0
62670000.0
4342000.0
313800.0
23540.0
1844.0
153.5
12.93
1.227
0.1322
0.016
0.002139
0.0003322
6.554e-05
1.356e-05
2.941e-06
6.618e-07
1.533e-07
3.636e-08
8.56e-09
2.03e-09
4.895e-10
1.198e-10
3.069e-11
1.216e-11
4.789e-12
1.881e-12
7.43e-13
2.947e-13
1.173e-13
4.685e-14
1.861e-14
7.345e-15
2.912e-15
1.158e-15
4.622e-16
1.849e-16
7.368e-17
2.911e-17
1.155e-17
1.02e-17
6.687e-18
4.206e-18
2.65e-18
1.68e-18
1.062e-18
6.697e-19
4.219e-19
2.656e-19
1.39e-19
6.958e-20
3.488e-20
1.75e-20
8.787e-21
4.412e-21
2.213e-21
41870000000.0
2651000000.0
176100000.0
12280000.0
897600.0
68480.0
5422.0
411.5
33.5
3.023
0.3064
0.03482
0.004397
0.0006022
0.0001141
2.308e-05
4.917e-06
1.091e-06
2.5e-07
5.722e-08
1.327e-08
3.144e-09
7.585e-10
1.857e-10
4.599e-11
1.753e-11
6.864e-12
2.704e-12
1.07e-12
4.253e-13
1.696e-13
6.729e-14
2.654e-14
1.051e-14
4.18e-15
1.667e-15
6.668e-16
2.656e-16
1.049e-16
4.161e-17
1.656e-17
1.527e-17
1.04e-17
6.555e-18
4.155e-18
2.626e-18
1.656e-18
1.043e-18
5.94e-19
2.982e-19
1.491e-19
7.47e-20
3.746e-20
1.88e-20
9.436e-21
4.732e-21
1628000000000.0
100500000000.0
6454000000.0
431100000.0
30010000.0
2180000.0
165000.0
11960.0
906.3
73.3
6.457
0.6295
0.06844
0.007872
0.0009998
0.0001849
3.667e-05
7.689e-06
1.684e-06
3.713e-07
8.356e-08
1.935e-08
4.584e-09
1.106e-09
2.708e-10
6.573e-11
2.392e-11
9.389e-12
3.706e-12
1.47e-12
5.85e-13
2.318e-13
9.131e-14
3.614e-14
1.436e-14
5.724e-15
2.288e-15
9.112e-16
3.598e-16
1.427e-16
5.677e-17
2.266e-17
2.182e-17
1.547e-17
9.803e-18
6.196e-18
3.908e-18
2.443e-18
1.227e-18
6.161e-19
3.083e-19
1.545e-19
7.75e-20
3.892e-20
1.954e-20
9.805e-21
70340000000000.0
3408000000000.0
202300000000.0
13140000000.0
881900000.0
61360000.0
4439000.0
309800.0
22710.0
1754.0
142.8
12.39
1.167
0.1145
0.01252
0.001535
0.0002748
5.317e-05
1.093e-05
2.285e-06
4.928e-07
1.104e-07
2.549e-08
6.025e-09
1.452e-09
3.477e-10
8.325e-11
3.035e-11
1.193e-11
4.717e-12
1.873e-12
7.405e-13
2.913e-13
1.151e-13
4.57e-14
1.82e-14
7.272e-15
2.894e-15
1.142e-15
4.529e-16
1.801e-16
7.188e-17
2.875e-17
2.995e-17
2.221e-17
1.404e-17
8.854e-18
4.865e-18
2.442e-18
1.226e-18
6.13e-19
3.07e-19
1.539e-19
7.724e-20
3.877e-20
1.945e-20
3378000000000000.0
162400000000000.0
8049000000000.0
410400000000.0
23570000000.0
1590000000.0
110500000.0
7334000.0
510600.0
37570.0
2910.0
236.7
20.41
1.771
0.1687
0.01807
0.002168
0.0003796
7.196e-05
1.407e-05
2.875e-06
6.173e-07
1.378e-07
3.174e-08
7.49e-09
1.764e-09
4.165e-10
1.002e-10
3.693e-11
1.454e-11
5.756e-12
2.27e-12
8.909e-13
3.516e-13
1.394e-13
5.545e-14
2.214e-14
8.805e-15
3.474e-15
1.376e-15
5.473e-16
2.183e-16
8.732e-17
3.485e-17
4.327e-17
3.055e-17
1.867e-17
9.361e-18
4.699e-18
2.36e-18
1.18e-18
5.913e-19
2.966e-19
1.489e-19
7.478e-20
3.753e-20
6.285e+16
6412000000000000.0
315800000000000.0
15940000000000.0
823200000000.0
43530000000.0
2440000000.0
156100000.0
10390000.0
729500.0
54080.0
4226.0
347.6
28.03
2.397
0.2259
0.02366
0.002849
0.0004849
8.653e-05
1.643e-05
3.33e-06
7.104e-07
1.578e-07
3.619e-08
8.324e-09
1.93e-09
4.573e-10
1.103e-10
4.221e-11
1.663e-11
6.537e-12
2.558e-12
1.007e-12
3.986e-13
1.584e-13
6.316e-14
2.51e-14
9.894e-15
3.918e-15
1.557e-15
6.211e-16
2.483e-16
9.909e-17
3.913e-17
5.911e-17
3.483e-17
1.747e-17
8.766e-18
4.4e-18
2.2e-18
1.101e-18
5.521e-19
2.77e-19
1.391e-19
6.98e-20
1.581e+17
3.849e+16
9526000000000000.0
535600000000000.0
27450000000000.0
1434000000000.0
76350000000.0
3814000000.0
197700000.0
13310000.0
939400.0
69610.0
5433.0
415.8
33.31
2.872
0.2701
0.02802
0.003454
0.0005521
9.581e-05
1.807e-05
3.644e-06
7.737e-07
1.712e-07
3.825e-08
8.659e-09
2.015e-09
4.79e-10
1.186e-10
4.647e-11
1.818e-11
7.089e-12
2.783e-12
1.099e-12
4.359e-13
1.736e-13
6.891e-14
2.714e-14
1.074e-14
4.267e-15
1.701e-15
6.797e-16
2.712e-16
1.071e-16
4.244e-17
6.307e-17
3.162e-17
1.587e-17
7.968e-18
3.984e-18
1.995e-18
1.001e-18
5.023e-19
2.523e-19
1.267e-19
3.922e+17
9.546e+16
2.361e+16
5920000000000000.0
778700000000000.0
40420000000000.0
2130000000000.0
104600000000.0
5282000000.0
277300000.0
15220000.0
1059000.0
78710.0
5747.0
440.2
35.95
3.134
0.2948
0.03027
0.00372
0.0005753
9.887e-05
1.85e-05
3.701e-06
7.813e-07
1.679e-07
3.683e-08
8.364e-09
1.951e-09
4.65e-10
1.235e-10
4.804e-11
1.864e-11
7.293e-12
2.871e-12
1.136e-12
4.516e-13
1.79e-13
7.042e-14
2.784e-14
1.105e-14
4.403e-15
1.759e-15
7.014e-16
2.768e-16
1.097e-16
4.363e-17
5.576e-17
2.798e-17
1.404e-17
7.02e-18
3.514e-18
1.761e-18
8.836e-19
4.437e-19
2.227e-19
9.125e+17
2.221e+17
5.492e+16
1.376e+16
3487000000000000.0
891300000000000.0
52400000000000.0
2552000000000.0
127100000000.0
6531000000.0
347300000.0
19180000.0
1112000.0
75300.0
5465.0
423.4
34.9
3.067
0.2893
0.02818
0.003643
0.0005608
9.596e-05
1.787e-05
3.561e-06
7.295e-07
1.541e-07
3.395e-08
7.734e-09
1.809e-09
4.323e-10
1.234e-10
4.759e-11
1.853e-11
7.27e-12
2.869e-12
1.138e-12
4.501e-13
1.768e-13
6.982e-14
2.769e-14
1.102e-14
4.401e-15
1.754e-15
6.921e-16
2.742e-16
1.09e-16
9.578e-17
4.806e-17
2.412e-17
1.206e-17
6.037e-18
3.026e-18
1.519e-18
7.628e-19
3.831e-19
2.094e+18
5.096e+17
1.26e+17
3.158e+16
7996000000000000.0
2043000000000000.0
525700000000000.0
54150000000000.0
2675000000000.0
135800000000.0
7082000000.0
380000000.0
21120000.0
1140000.0
65120.0
4692.0
368.8
30.86
2.744
0.2465
0.02483
0.003349
0.0005129
8.723e-05
1.615e-05
3.113e-06
6.258e-07
1.327e-07
2.932e-08
6.696e-09
1.57e-09
3.694e-10
1.164e-10
4.507e-11
1.76e-11
6.918e-12
2.735e-12
1.08e-12
4.233e-13
1.669e-13
6.612e-14
2.63e-14
1.049e-14
4.18e-15
1.648e-15
6.528e-16
2.595e-16
1.035e-16
8.065e-17
4.047e-17
2.023e-17
1.012e-17
5.072e-18
2.544e-18
1.277e-18
6.414e-19
4.548e+18
1.107e+18
2.736e+17
6.856e+16
1.736e+16
4434000000000000.0
1141000000000000.0
279300000000000.0
50290000000000.0
2536000000000.0
130900000000.0
6908000000.0
374400000.0
19440000.0
1049000.0
60750.0
3834.0
295.5
24.9
2.107
0.188
0.02131
0.002877
0.0004402
7.476e-05
1.34e-05
2.54e-06
5.141e-07
1.095e-07
2.43e-08
5.567e-09
1.286e-09
2.977e-10
1.069e-10
4.149e-11
1.624e-11
6.398e-12
2.518e-12
9.85e-13
3.877e-13
1.534e-13
6.093e-14
2.429e-14
9.669e-15
3.81e-15
1.508e-15
5.994e-16
2.389e-16
9.552e-17
6.638e-17
3.317e-17
1.66e-17
8.32e-18
4.175e-18
2.096e-18
1.053e-18
9.748e+18
2.372e+18
5.865e+17
1.469e+17
3.72e+16
9502000000000000.0
2443000000000000.0
598000000000000.0
147800000000000.0
37030000000000.0
2147000000000.0
112200000000.0
5988000000.0
303200000.0
15760000.0
865200.0
50730.0
3229.0
227.3
17.38
1.466
0.1463
0.01717
0.002323
0.0003554
5.832e-05
1.027e-05
1.961e-06
3.99e-07
8.537e-08
1.9e-08
4.287e-09
9.738e-10
2.445e-10
9.425e-11
3.668e-11
1.439e-11
5.644e-12
2.201e-12
8.644e-13
3.413e-13
1.354e-13
5.391e-14
2.144e-14
8.444e-15
3.341e-15
1.327e-15
5.288e-16
2.113e-16
8.446e-17
5.329e-17
2.666e-17
1.336e-17
6.699e-18
3.363e-18
1.689e-18
1.992e+19
4.846e+18
1.198e+18
3.002e+17
7.599e+16
1.941e+16
4990000000000000.0
1221000000000000.0
301700000000000.0
75550000000000.0
19130000000000.0
1653000000000.0
87480000000.0
4365000000.0
221700000.0
11770000.0
656900.0
39020.0
2504.0
167.5
12.46
1.078
0.1094
0.01293
0.00176
0.000261
4.223e-05
7.534e-06
1.452e-06
2.975e-07
6.398e-08
1.404e-08
3.118e-09
7.144e-10
2.095e-10
8.102e-11
3.161e-11
1.235e-11
4.799e-12
1.879e-12
7.405e-13
2.933e-13
1.166e-13
4.633e-14
1.823e-14
7.207e-15
2.861e-15
1.14e-15
4.553e-16
1.819e-16
7.185e-17
4.198e-17
2.103e-17
1.055e-17
5.298e-18
2.661e-18
4.02e+19
9.781e+18
2.418e+18
6.058e+17
1.534e+17
3.917e+16
1.007e+16
2464000000000000.0
608600000000000.0
152300000000000.0
38560000000000.0
9846000000000.0
1149000000000.0
56820000000.0
2845000000.0
147700000.0
7974000.0
451500.0
27110.0
1657.0
110.3
8.4
0.7422
0.07649
0.00916
0.00121
0.0001772
2.914e-05
5.257e-06
1.022e-06
2.107e-07
4.466e-08
9.644e-09
2.162e-09
4.994e-10
1.734e-10
6.723e-11
2.612e-11
1.011e-11
3.945e-12
1.55e-12
6.128e-13
2.433e-13
9.653e-14
3.794e-14
1.499e-14
5.945e-15
2.367e-15
9.451e-16
3.775e-16
1.49e-16
5.911e-17
3.251e-17
1.63e-17
8.181e-18
4.109e-18
7.783e+19
1.893e+19
4.681e+18
1.172e+18
2.968e+17
7.579e+16
1.948e+16
4767000000000000.0
1177000000000000.0
294700000000000.0
74570000000000.0
19030000000000.0
4897000000000.0
677100000000.0
33630000000.0
1723000000.0
91140000.0
5002000.0
287000.0
16430.0
1002.0
68.4
5.327
0.4797
0.05028
0.005863
0.0007689
0.0001152
1.927e-05
3.523e-06
6.918e-07
1.409e-07
2.944e-08
6.434e-09
1.456e-09
3.644e-10
1.402e-10
5.413e-11
2.084e-11
8.104e-12
3.175e-12
1.252e-12
4.96e-13
1.965e-13
7.713e-14
3.044e-14
1.207e-14
4.801e-15
1.916e-15
7.651e-16
3.019e-16
1.197e-16
4.767e-17
2.476e-17
1.243e-17
6.244e-18
1.491e+20
3.625e+19
8.959e+18
2.244e+18
5.679e+17
1.45e+17
3.728e+16
9119000000000000.0
2252000000000000.0
563600000000000.0
142600000000000.0
36380000000000.0
9357000000000.0
2306000000000.0
361300000000.0
18370000000.0
958900000.0
51550000.0
2867000.0
156600.0
8940.0
560.7
39.34
3.143
0.29
0.02978
0.003466
0.0004679
7.165e-05
1.219e-05
2.256e-06
4.378e-07
8.796e-08
1.864e-08
4.117e-09
9.399e-10
2.847e-10
1.091e-10
4.175e-11
1.616e-11
6.306e-12
2.479e-12
9.799e-13
3.875e-13
1.519e-13
5.986e-14
2.371e-14
9.426e-15
3.76e-15
1.501e-15
5.918e-16
2.346e-16
9.334e-17
3.725e-17
1.856e-17
9.321e-18
2.756e+20
6.694e+19
1.654e+19
4.14e+18
1.048e+18
2.675e+17
6.875e+16
1.682e+16
4153000000000000.0
1039000000000000.0
262900000000000.0
67050000000000.0
17240000000000.0
4247000000000.0
1048000000000.0
180600000000.0
9364000000.0
497400000.0
27130000.0
1435000.0
78260.0
4603.0
296.9
21.39
1.753
0.1587
0.01632
0.001968
0.0002733
4.284e-05
7.418e-06
1.362e-06
2.615e-07
5.347e-08
1.148e-08
2.564e-09
6.712e-10
2.162e-10
8.216e-11
3.162e-11
1.229e-11
4.814e-12
1.898e-12
7.489e-13
2.93e-13
1.153e-13
4.562e-14
1.812e-14
7.224e-15
2.882e-15
1.136e-15
4.5e-16
1.79e-16
7.145e-17
2.855e-17
1.372e-17
5.059e+20
1.226e+20
3.024e+19
7.564e+18
1.913e+18
4.883e+17
1.255e+17
3.069e+16
7577000000000000.0
1896000000000000.0
479500000000000.0
122300000000000.0
31440000000000.0
7741000000000.0
1910000000000.0
478000000000.0
83830000000.0
4423000000.0
238300000.0
12350000.0
651400.0
36550.0
2211.0
146.5
10.86
0.8768
0.07998
0.008583
0.001072
0.0001533
2.458e-05
4.231e-06
7.703e-07
1.51e-07
3.136e-08
6.818e-09
1.647e-09
4.851e-10
1.578e-10
6.034e-11
2.333e-11
9.102e-12
3.577e-12
1.408e-12
5.495e-13
2.16e-13
8.532e-14
3.386e-14
1.349e-14
5.376e-15
2.118e-15
8.385e-16
3.334e-16
1.33e-16
5.313e-17
2.122e-17
9.065e+20
2.185e+20
5.372e+19
1.341e+19
3.386e+18
8.635e+17
2.218e+17
5.422e+16
1.338e+16
3348000000000000.0
846700000000000.0
215900000000000.0
55500000000000.0
13660000000000.0
3370000000000.0
843000000000.0
213300000000.0
36470000000.0
1954000000.0
100000000.0
5168000.0
280800.0
16210.0
1008.0
68.7
5.01
0.4078
0.03894
0.004352
0.0005633
8.296e-05
1.328e-05
2.277e-06
4.254e-07
8.504e-08
1.794e-08
3.971e-09
1.153e-09
3.357e-10
1.133e-10
4.356e-11
1.692e-11
6.623e-12
2.599e-12
1.012e-12
3.97e-13
1.566e-13
6.208e-14
2.47e-14
9.841e-15
3.874e-15
1.533e-15
6.094e-16
2.43e-16
9.708e-17
3.878e-17
1.637e+21
3.899e+20
9.515e+19
2.364e+19
5.952e+18
1.515e+18
3.886e+17
9.492e+16
2.342e+16
5856000000000000.0
1481000000000000.0
377600000000000.0
97030000000000.0
23880000000000.0
5889000000000.0
1473000000000.0
372300000000.0
95080000000.0
14790000000.0
752200000.0
38370000.0
2040000.0
113900.0
6746.0
430.8
28.86
2.126
0.1821
0.01822
0.002126
0.0002853
4.214e-05
6.745e-06
1.192e-06
2.28e-07
4.642e-08
9.94e-09
2.674e-09
7.678e-10
2.26e-10
7.958e-11
3.074e-11
1.198e-11
4.685e-12
1.82e-12
7.121e-13
2.804e-13
1.11e-13
4.412e-14
1.756e-14
6.907e-15
2.732e-15
1.085e-15
4.325e-16
1.727e-16
6.896e-17
2.967e+21
6.913e+20
1.662e+20
4.088e+19
1.023e+19
2.592e+18
6.632e+17
1.617e+17
3.986e+16
9959000000000000.0
2517000000000000.0
641600000000000.0
164800000000000.0
40560000000000.0
10000000000000.0
2500000000000.0
631900000000.0
161300000000.0
41480000000.0
5262000000.0
267100000.0
14030000.0
767000.0
43940.0
2673.0
167.3
11.31
0.8768
0.07886
0.008272
0.001006
0.0001362
2.021e-05
3.357e-06
6.109e-07
1.196e-07
2.48e-08
6.111e-09
1.727e-09
5.02e-10
1.491e-10
5.503e-11
2.135e-11
8.315e-12
3.218e-12
1.256e-12
4.938e-13
1.951e-13
7.747e-14
3.08e-14
1.211e-14
4.785e-15
1.9e-15
7.569e-16
3.022e-16
1.207e-16
5.637e+21
1.265e+21
2.958e+20
7.141e+19
1.764e+19
4.433e+18
1.128e+18
2.739e+17
6.734e+16
1.68e+16
4242000000000000.0
1081000000000000.0
277600000000000.0
68280000000000.0
16830000000000.0
4206000000000.0
1063000000000.0
271100000000.0
69690000000.0
17300000000.0
1722000000.0
90070000.0
4863000.0
272400.0
16000.0
950.6
59.9
4.264
0.3481
0.03297
0.003631
0.0004479
6.122e-05
9.492e-06
1.632e-06
3.052e-07
6.103e-08
1.372e-08
3.805e-09
1.09e-09
3.201e-10
9.663e-11
3.727e-11
1.445e-11
5.573e-12
2.169e-12
8.505e-13
3.355e-13
1.33e-13
5.282e-14
2.074e-14
8.191e-15
3.25e-15
1.294e-15
5.164e-16
2.062e-16
1.122e+22
2.391e+21
5.371e+20
1.257e+20
3.034e+19
7.506e+18
1.889e+18
4.553e+17
1.114e+17
2.77e+16
6981000000000000.0
1776000000000000.0
455800000000000.0
112100000000000.0
27610000000000.0
6898000000000.0
1742000000000.0
444400000000.0
114200000000.0
28320000000.0
6989000000.0
538100000.0
28970000.0
1605000.0
92220.0
5280.0
315.2
20.9
1.566
0.1348
0.01344
0.001507
0.0001887
2.714e-05
4.386e-06
7.796e-07
1.497e-07
3.044e-08
8.272e-09
2.332e-09
6.762e-10
2.006e-10
6.423e-11
2.478e-11
9.515e-12
3.691e-12
1.444e-12
5.683e-13
2.249e-13
8.922e-14
3.499e-14
1.381e-14
5.474e-15
2.179e-15
8.692e-16
3.47e-16
2.432e+22
4.867e+21
1.035e+21
2.314e+20
5.388e+19
1.297e+19
3.2e+18
7.601e+17
1.842e+17
4.554e+16
1.143e+16
2901000000000000.0
743100000000000.0
182500000000000.0
44930000000000.0
11220000000000.0
2833000000000.0
722200000000.0
185500000000.0
45980000000.0
11340000000.0
2837000000.0
160200000.0
8855000.0
502900.0
28090.0
1611.0
101.0
7.041
0.5565
0.05059
0.005159
0.0005905
7.84e-05
1.183e-05
1.988e-06
3.645e-07
7.051e-08
1.771e-08
4.899e-09
1.4e-09
4.106e-10
1.228e-10
4.173e-11
1.595e-11
6.163e-12
2.403e-12
9.438e-13
3.729e-13
1.477e-13
5.785e-14
2.28e-14
9.032e-15
3.592e-15
1.432e-15
5.716e-16
5.552e+22
1.044e+22
2.095e+21
4.442e+20
9.875e+19
2.287e+19
5.473e+18
1.269e+18
3.023e+17
7.39e+16
1.841e+16
4649000000000000.0
1187000000000000.0
291000000000000.0
71540000000000.0
17850000000000.0
4504000000000.0
1148000000000.0
294700000000.0
73010000000.0
17990000000.0
4499000000.0
813700000.0
45390000.0
2578000.0
142300.0
7955.0
478.9
31.55
2.319
0.1936
0.01802
0.001883
0.0002299
3.225e-05
5.095e-06
8.884e-07
1.649e-07
3.752e-08
1.017e-08
2.86e-09
8.282e-10
2.453e-10
7.35e-11
2.64e-11
1.016e-11
3.948e-12
1.547e-12
6.097e-13
2.411e-13
9.432e-14
3.714e-14
1.47e-14
5.842e-15
2.328e-15
9.29e-16
1.381e+23
2.439e+22
4.599e+21
9.189e+20
1.933e+20
4.258e+19
9.764e+18
2.181e+18
5.055e+17
1.212e+17
2.978e+16
7453000000000000.0
1892000000000000.0
461700000000000.0
113200000000000.0
28200000000000.0
7109000000000.0
1810000000000.0
464500000000.0
115000000000.0
28330000000.0
7078000000.0
1791000000.0
213600000.0
12260000.0
676300.0
37300.0
2185.0
137.9
9.559
0.7419
0.06348
0.006074
0.0006815
8.858e-05
1.31e-05
2.162e-06
3.832e-07
7.867e-08
2.084e-08
5.752e-09
1.641e-09
4.805e-10
1.426e-10
4.301e-11
1.647e-11
6.377e-12
2.491e-12
9.796e-13
3.866e-13
1.51e-13
5.939e-14
2.348e-14
9.324e-15
3.714e-15
1.481e-15
3.504e+23
5.88e+22
1.051e+22
1.988e+21
3.961e+20
8.282e+19
1.809e+19
3.856e+18
8.604e+17
2.002e+17
4.816e+16
1.187e+16
2981000000000000.0
722200000000000.0
176200000000000.0
43760000000000.0
11010000000000.0
2800000000000.0
717800000000.0
177600000000.0
43720000000.0
10920000000.0
2760000000.0
704900000.0
53350000.0
2978000.0
164300.0
9514.0
584.5
38.79
2.836
0.2253
0.01984
0.002048
0.000246
3.394e-05
5.279e-06
8.904e-07
1.638e-07
4.23e-08
1.144e-08
3.214e-09
9.29e-10
2.729e-10
8e-11
2.641e-11
1.018e-11
3.963e-12
1.555e-12
6.124e-13
2.388e-13
9.377e-14
3.704e-14
1.47e-14
5.85e-15
2.332e-15
9.436e+23
1.517e+23
2.582e+22
4.632e+21
8.737e+20
1.729e+20
3.578e+19
7.22e+18
1.534e+18
3.429e+17
7.985e+16
1.92e+16
4739000000000000.0
1133000000000000.0
274100000000000.0
67690000000000.0
16970000000000.0
4306000000000.0
1102000000000.0
272400000000.0
67000000000.0
16720000000.0
4223000000.0
1078000000.0
210400000.0
12010000.0
670900.0
38870.0
2357.0
152.0
10.62
0.7929
0.06484
0.006185
0.0006876
8.832e-05
1.291e-05
2.063e-06
3.51e-07
8.505e-08
2.249e-08
6.204e-09
1.768e-09
5.134e-10
1.49e-10
4.423e-11
1.601e-11
6.211e-12
2.429e-12
9.546e-13
3.715e-13
1.457e-13
5.746e-14
2.278e-14
9.06e-15
3.609e-15
2.483e+24
3.882e+23
6.384e+22
1.1e+22
1.983e+21
3.739e+20
7.362e+19
1.407e+19
2.84e+18
6.058e+17
1.355e+17
3.152e+16
7580000000000000.0
1776000000000000.0
423500000000000.0
103600000000000.0
25810000000000.0
6521000000000.0
1665000000000.0
410700000000.0
100900000000.0
25150000000.0
6349000000.0
1619000000.0
416200000.0
43810000.0
2502000.0
146900.0
8928.0
568.5
38.59
2.749
0.2111
0.01874
0.001934
0.0002312
3.168e-05
4.787e-06
7.761e-07
1.699e-07
4.385e-08
1.186e-08
3.327e-09
9.542e-10
2.741e-10
8.07e-11
2.493e-11
9.63e-12
3.755e-12
1.472e-12
5.715e-13
2.237e-13
8.813e-14
3.49e-14
1.387e-14
5.523e-15
6.728e+24
1.032e+24
1.653e+23
2.757e+22
4.779e+21
8.618e+20
1.616e+20
2.922e+19
5.587e+18
1.132e+18
2.413e+17
5.381e+16
1.249e+16
2838000000000000.0
662100000000000.0
159400000000000.0
39310000000000.0
9862000000000.0
2506000000000.0
616300000000.0
151100000000.0
37600000000.0
9483000000.0
2415000000.0
620500000.0
144800000.0
8484000.0
509100.0
31340.0
1998.0
133.7
9.219
0.6736
0.05625
0.005422
0.0006051
7.771e-05
1.108e-05
1.707e-06
3.374e-07
8.476e-08
2.243e-08
6.183e-09
1.748e-09
4.964e-10
1.448e-10
4.315e-11
1.473e-11
5.723e-12
2.237e-12
8.665e-13
3.385e-13
1.332e-13
5.267e-14
2.091e-14
8.322e-15
1.736e+25
2.634e+24
4.159e+23
6.796e+22
1.147e+22
2.002e+21
3.615e+20
6.233e+19
1.135e+19
2.188e+18
4.449e+17
9.481e+16
2.112e+16
4621000000000000.0
1045000000000000.0
246100000000000.0
59680000000000.0
14800000000000.0
3733000000000.0
913100000000.0
223000000000.0
55390000000.0
13950000000.0
3548000000.0
910600000.0
227200000.0
26290000.0
1611000.0
101100.0
6516.0
436.1
29.57
2.087
0.166
0.01509
0.00158
0.0001905
2.562e-05
3.747e-06
6.672e-07
1.628e-07
4.209e-08
1.139e-08
3.171e-09
8.891e-10
2.568e-10
7.593e-11
2.286e-11
8.637e-12
3.365e-12
1.3e-12
5.07e-13
1.991e-13
7.866e-14
3.121e-14
1.241e-14
4.537e+25
6.837e+24
1.069e+24
1.723e+23
2.853e+22
4.854e+21
8.487e+20
1.403e+20
2.438e+19
4.479e+18
8.67e+17
1.76e+17
3.743e+16
7826000000000000.0
1703000000000000.0
388300000000000.0
91920000000000.0
22400000000000.0
5580000000000.0
1353000000000.0
328400000000.0
81260000000.0
20410000000.0
5183000000.0
1328000000.0
331100000.0
75390000.0
4698000.0
299700.0
19620.0
1324.0
89.34
6.178
0.4744
0.04111
0.00407
0.000463
5.883e-05
8.164e-06
1.316e-06
3.111e-07
7.837e-08
2.077e-08
5.686e-09
1.572e-09
4.49e-10
1.316e-10
3.936e-11
1.288e-11
5e-12
1.926e-12
7.495e-13
2.938e-13
1.159e-13
4.593e-14
1.825e-14
1.123e+26
1.686e+25
2.623e+24
4.194e+23
6.868e+22
1.151e+22
1.97e+21
3.161e+20
5.299e+19
9.35e+18
1.733e+18
3.365e+17
6.842e+16
1.365e+16
2844000000000000.0
624700000000000.0
143400000000000.0
34100000000000.0
8339000000000.0
1994000000000.0
479700000000.0
117900000000.0
29500000000.0
7472000000.0
1912000000.0
475800000.0
117000000.0
12880000.0
830300.0
54920.0
3738.0
252.7
17.3
1.299
0.1087
0.01028
0.001111
0.0001338
1.765e-05
2.644e-06
5.916e-07
1.45e-07
3.759e-08
1.011e-08
2.752e-09
7.769e-10
2.256e-10
6.698e-11
2.024e-11
7.362e-12
2.828e-12
1.097e-12
4.294e-13
1.691e-13
6.694e-14
2.657e-14
2.797e+26
4.191e+25
6.495e+24
1.034e+24
1.68e+23
2.785e+22
4.698e+21
7.366e+20
1.199e+20
2.043e+19
3.638e+18
6.764e+17
1.315e+17
2.497e+16
4962000000000000.0
1044000000000000.0
230600000000000.0
53120000000000.0
12660000000000.0
2968000000000.0
703600000000.0
171300000000.0
42580000000.0
10740000000.0
2739000000.0
680300000.0
167000000.0
33510000.0
2169000.0
144200.0
9868.0
668.1
45.5
3.37
0.2752
0.02514
0.002602
0.000299
3.759e-05
5.394e-06
1.123e-06
2.671e-07
6.756e-08
1.781e-08
4.768e-09
1.328e-09
3.817e-10
1.124e-10
3.376e-11
1.072e-11
4.103e-12
1.588e-12
6.201e-13
2.438e-13
9.637e-14
3.822e-14
