# For the net reaction CO + NH3  -> HCN + H2O
65 56 3640
T [K]
300.0 350.0 400.0 450.0 500.0 550.0 600.0 650.0 700.0 750.0 800.0 850.0 900.0 950.0 1000.0 1050.0 1100.0 1150.0 1200.0 1250.0 1300.0 1350.0 1400.0 1450.0 1500.0 1550.0 1600.0 1650.0 1700.0 1750.0 1800.0 1850.0 1900.0 1950.0 2000.0 2050.0 2100.0 2150.0 2200.0 2250.0 2300.0 2350.0 2400.0 2450.0 2500.0 2550.0 2600.0 2650.0 2700.0 2750.0 2800.0 2850.0 2900.0 2950.0 3000.0 3050.0 3100.0 3150.0 3200.0 3250.0 3300.0 3350.0 3400.0 3450.0 3500.0
p [bar]
1e-08 1.585e-08 2.512e-08 3.981e-08 6.31e-08 1e-07 1.585e-07 2.512e-07 3.981e-07 6.31e-07 1e-06 1.585e-06 2.512e-06 3.981e-06 6.31e-06 1e-05 1.585e-05 2.512e-05 3.981e-05 6.31e-05 0.0001 0.0001585 0.0002512 0.0003981 0.000631 0.001 0.001585 0.002512 0.003981 0.00631 0.01 0.01585 0.02512 0.03981 0.0631 0.1 0.1585 0.2512 0.3981 0.631 1.0 1.585 2.512 3.981 6.31 10.0 15.85 25.12 39.81 63.1 100.0 158.5 251.2 398.1 631.0 1000.0
kf [cm6 s-1]
1.935e-67
1.521e-67
1.199e-67
9.496e-68
7.553e-68
6.038e-68
4.852e-68
3.823e-68
3.015e-68
2.386e-68
1.897e-68
1.515e-68
1.217e-68
9.621e-69
7.591e-69
6.015e-69
4.786e-69
3.823e-69
3.059e-69
2.432e-69
1.933e-69
1.537e-69
1.222e-69
9.706e-70
7.707e-70
6.122e-70
4.866e-70
3.866e-70
3.071e-70
2.439e-70
1.936e-70
1.538e-70
1.222e-70
9.712e-71
7.715e-71
6.126e-71
4.864e-71
3.862e-71
3.07e-71
2.439e-71
1.938e-71
1.539e-71
1.222e-71
9.701e-72
7.711e-72
6.127e-72
4.868e-72
3.866e-72
3.069e-72
2.436e-72
1.937e-72
1.539e-72
1.223e-72
9.711e-73
7.71e-73
6.119e-73
1.649e-58
1.296e-58
1.022e-58
8.094e-59
6.437e-59
5.146e-59
4.136e-59
3.259e-59
2.57e-59
2.034e-59
1.618e-59
1.293e-59
1.039e-59
8.218e-60
6.488e-60
5.147e-60
4.107e-60
3.301e-60
2.677e-60
2.158e-60
1.747e-60
1.439e-60
1.213e-60
1.046e-60
9.165e-61
7.944e-61
6.715e-61
5.541e-61
4.488e-61
3.595e-61
2.865e-61
2.279e-61
1.812e-61
1.44e-61
1.144e-61
9.087e-62
7.214e-62
5.728e-62
4.553e-62
3.618e-62
2.874e-62
2.283e-62
1.812e-62
1.439e-62
1.144e-62
9.088e-63
7.22e-63
5.734e-63
4.552e-63
3.614e-63
2.873e-63
2.283e-63
1.814e-63
1.44e-63
1.144e-63
9.077e-64
1.106e-52
8.692e-53
6.854e-53
5.428e-53
4.317e-53
3.451e-53
2.773e-53
2.185e-53
1.723e-53
1.364e-53
1.084e-53
8.658e-54
6.955e-54
5.495e-54
4.33e-54
3.426e-54
2.722e-54
2.173e-54
1.744e-54
1.382e-54
1.089e-54
8.611e-55
6.84e-55
5.459e-55
4.377e-55
3.479e-55
2.747e-55
2.179e-55
1.735e-55
1.385e-55
1.104e-55
8.785e-56
6.982e-56
5.549e-56
4.409e-56
3.501e-56
2.78e-56
2.207e-56
1.755e-56
1.394e-56
1.108e-56
8.796e-57
6.983e-57
5.544e-57
4.407e-57
3.502e-57
2.782e-57
2.209e-57
1.754e-57
1.392e-57
1.107e-57
8.796e-58
6.988e-58
5.55e-58
4.406e-58
3.497e-58
7.219e-46
5.047e-46
3.228e-46
1.835e-46
9.063e-47
3.859e-47
1.442e-47
4.948e-48
2.889e-48
2.286e-48
1.817e-48
1.451e-48
1.166e-48
9.211e-49
7.259e-49
5.743e-49
4.563e-49
3.643e-49
2.925e-49
2.317e-49
1.826e-49
1.445e-49
1.149e-49
9.177e-50
7.377e-50
5.879e-50
4.657e-50
3.715e-50
2.99e-50
2.434e-50
2.008e-50
1.668e-50
1.388e-50
1.157e-50
9.538e-51
7.748e-51
6.22e-51
4.962e-51
3.951e-51
3.142e-51
2.497e-51
1.983e-51
1.574e-51
1.25e-51
9.936e-52
7.896e-52
6.272e-52
4.981e-52
3.955e-52
3.14e-52
2.496e-52
1.983e-52
1.576e-52
1.251e-52
9.935e-53
7.885e-53
1.969e-42
1.557e-42
1.229e-42
9.646e-43
7.456e-43
5.577e-43
3.925e-43
2.482e-43
1.374e-43
6.519e-44
2.656e-44
9.601e-45
6.925e-45
5.471e-45
4.311e-45
3.411e-45
2.71e-45
2.163e-45
1.736e-45
1.376e-45
1.084e-45
8.568e-46
6.805e-46
5.43e-46
4.356e-46
3.459e-46
2.724e-46
2.154e-46
1.71e-46
1.364e-46
1.093e-46
8.707e-47
6.869e-47
5.443e-47
4.332e-47
3.457e-47
2.76e-47
2.197e-47
1.746e-47
1.387e-47
1.102e-47
8.755e-48
6.951e-48
5.519e-48
4.387e-48
3.486e-48
2.77e-48
2.2e-48
1.746e-48
1.386e-48
1.102e-48
8.757e-49
6.957e-49
5.525e-49
4.387e-49
3.482e-49
2.989e-39
2.369e-39
1.879e-39
1.492e-39
1.185e-39
9.424e-40
7.493e-40
5.923e-40
4.665e-40
3.644e-40
2.793e-40
2.063e-40
1.43e-40
8.9e-41
4.84e-41
2.255e-41
9.037e-42
5.86e-42
4.695e-42
3.718e-42
2.929e-42
2.316e-42
1.839e-42
1.468e-42
1.177e-42
9.353e-43
7.366e-43
5.826e-43
4.627e-43
3.694e-43
2.965e-43
2.368e-43
1.873e-43
1.491e-43
1.196e-43
9.677e-44
7.911e-44
6.486e-44
5.289e-44
4.301e-44
3.47e-44
2.778e-44
2.214e-44
1.761e-44
1.4e-44
1.113e-44
8.841e-45
7.022e-45
5.575e-45
4.426e-45
3.518e-45
2.796e-45
2.221e-45
1.764e-45
1.4e-45
1.112e-45
6.766e-37
5.361e-37
4.252e-37
3.376e-37
2.683e-37
2.134e-37
1.699e-37
1.347e-37
1.068e-37
8.474e-38
6.726e-38
5.332e-38
4.212e-38
3.277e-38
2.486e-38
1.795e-38
1.191e-38
6.988e-39
3.504e-39
1.703e-39
1.342e-39
1.06e-39
8.415e-40
6.713e-40
5.384e-40
4.276e-40
3.367e-40
2.661e-40
2.112e-40
1.685e-40
1.35e-40
1.076e-40
8.468e-41
6.693e-41
5.312e-41
4.235e-41
3.392e-41
2.708e-41
2.14e-41
1.699e-41
1.353e-41
1.079e-41
8.584e-42
6.822e-42
5.422e-42
4.309e-42
3.423e-42
2.719e-42
2.159e-42
1.714e-42
1.362e-42
1.082e-42
8.599e-43
6.83e-43
5.422e-43
4.304e-43
1.115e-34
8.832e-35
7.005e-35
5.562e-35
4.421e-35
3.516e-35
2.799e-35
2.219e-35
1.76e-35
1.397e-35
1.11e-35
8.829e-36
7.026e-36
5.57e-36
4.411e-36
3.489e-36
2.749e-36
2.142e-36
1.631e-36
1.179e-36
7.85e-37
4.662e-37
2.395e-37
1.837e-37
1.466e-37
1.163e-37
9.154e-38
7.235e-38
5.742e-38
4.579e-38
3.671e-38
2.925e-38
2.303e-38
1.821e-38
1.447e-38
1.155e-38
9.276e-39
7.435e-39
5.899e-39
4.716e-39
3.801e-39
3.082e-39
2.502e-39
2.017e-39
1.614e-39
1.287e-39
1.024e-39
8.142e-40
6.466e-40
5.134e-40
4.081e-40
3.243e-40
2.577e-40
2.046e-40
1.625e-40
1.29e-40
6.163e-33
4.884e-33
3.874e-33
3.076e-33
2.445e-33
1.944e-33
1.548e-33
1.227e-33
9.732e-34
7.726e-34
6.14e-34
4.883e-34
3.887e-34
3.083e-34
2.444e-34
1.94e-34
1.541e-34
1.223e-34
9.7e-35
7.627e-35
5.912e-35
4.456e-35
3.179e-35
2.069e-35
1.408e-35
1.116e-35
8.795e-36
6.946e-36
5.508e-36
4.39e-36
3.518e-36
2.802e-36
2.205e-36
1.742e-36
1.382e-36
1.102e-36
8.828e-37
7.048e-37
5.551e-37
4.391e-37
3.488e-37
2.782e-37
2.225e-37
1.776e-37
1.41e-37
1.121e-37
8.911e-38
7.08e-38
5.623e-38
4.464e-38
3.548e-38
2.82e-38
2.24e-38
1.779e-38
1.413e-38
1.121e-38
2.68e-31
2.123e-31
1.684e-31
1.337e-31
1.063e-31
8.454e-32
6.729e-32
5.335e-32
4.231e-32
3.359e-32
2.669e-32
2.123e-32
1.69e-32
1.34e-32
1.063e-32
8.438e-33
6.704e-33
5.331e-33
4.242e-33
3.364e-33
2.663e-33
2.105e-33
1.655e-33
1.285e-33
9.694e-34
7.491e-34
5.922e-34
4.675e-34
3.695e-34
2.932e-34
2.341e-34
1.862e-34
1.466e-34
1.158e-34
9.188e-35
7.325e-35
5.871e-35
4.69e-35
3.696e-35
2.926e-35
2.329e-35
1.864e-35
1.501e-35
1.21e-35
9.682e-36
7.771e-36
6.228e-36
4.974e-36
3.96e-36
3.147e-36
2.502e-36
1.989e-36
1.58e-36
1.255e-36
9.964e-37
7.908e-37
8.091e-30
6.432e-30
5.111e-30
4.061e-30
3.225e-30
2.561e-30
2.033e-30
1.615e-30
1.284e-30
1.02e-30
8.101e-31
6.433e-31
5.106e-31
4.057e-31
3.225e-31
2.562e-31
2.035e-31
1.616e-31
1.283e-31
1.019e-31
8.1e-32
6.436e-32
5.112e-32
4.059e-32
3.222e-32
2.559e-32
2.032e-32
1.611e-32
1.277e-32
1.013e-32
8.061e-33
6.402e-33
5.041e-33
3.981e-33
3.157e-33
2.515e-33
2.015e-33
1.609e-33
1.266e-33
1e-33
7.936e-34
6.325e-34
5.063e-34
4.049e-34
3.201e-34
2.542e-34
2.024e-34
1.612e-34
1.283e-34
1.019e-34
8.1e-35
6.437e-35
5.114e-35
4.062e-35
3.225e-35
2.56e-35
2.139e-28
1.7e-28
1.351e-28
1.073e-28
8.525e-29
6.768e-29
5.372e-29
4.27e-29
3.393e-29
2.696e-29
2.141e-29
1.7e-29
1.35e-29
1.072e-29
8.523e-30
6.772e-30
5.379e-30
4.271e-30
3.39e-30
2.694e-30
2.141e-30
1.701e-30
1.351e-30
1.073e-30
8.517e-31
6.765e-31
5.376e-31
4.269e-31
3.388e-31
2.688e-31
2.133e-31
1.691e-31
1.334e-31
1.052e-31
8.326e-32
6.622e-32
5.3e-32
4.23e-32
3.33e-32
2.631e-32
2.088e-32
1.666e-32
1.336e-32
1.071e-32
8.482e-33
6.759e-33
5.414e-33
4.346e-33
3.481e-33
2.777e-33
2.21e-33
1.757e-33
1.396e-33
1.109e-33
8.808e-34
6.991e-34
3.591e-27
2.855e-27
2.269e-27
1.802e-27
1.432e-27
1.137e-27
9.022e-28
7.17e-28
5.698e-28
4.527e-28
3.596e-28
2.855e-28
2.266e-28
1.801e-28
1.431e-28
1.137e-28
9.033e-29
7.172e-29
5.693e-29
4.523e-29
3.595e-29
2.857e-29
2.269e-29
1.802e-29
1.43e-29
1.136e-29
9.03e-30
7.174e-30
5.698e-30
4.524e-30
3.592e-30
2.851e-30
2.258e-30
1.786e-30
1.413e-30
1.122e-30
8.956e-31
7.141e-31
5.619e-31
4.438e-31
3.52e-31
2.804e-31
2.245e-31
1.796e-31
1.416e-31
1.121e-31
8.917e-32
7.113e-32
5.678e-32
4.523e-32
3.593e-32
2.856e-32
2.27e-32
1.803e-32
1.431e-32
1.136e-32
4.976e-26
3.956e-26
3.144e-26
2.498e-26
1.984e-26
1.575e-26
1.25e-26
9.936e-27
7.896e-27
6.273e-27
4.983e-27
3.956e-27
3.14e-27
2.496e-27
1.983e-27
1.576e-27
1.252e-27
9.938e-28
7.889e-28
6.268e-28
4.982e-28
3.958e-28
3.144e-28
2.497e-28
1.982e-28
1.574e-28
1.251e-28
9.942e-29
7.897e-29
6.271e-29
4.978e-29
3.952e-29
3.137e-29
2.486e-29
1.969e-29
1.561e-29
1.241e-29
9.871e-30
7.769e-30
6.134e-30
4.863e-30
3.875e-30
3.103e-30
2.485e-30
1.959e-30
1.553e-30
1.237e-30
9.901e-31
7.947e-31
6.368e-31
5.072e-31
4.038e-31
3.212e-31
2.553e-31
2.027e-31
1.609e-31
5.016e-25
3.987e-25
3.168e-25
2.517e-25
1.999e-25
1.587e-25
1.26e-25
1.001e-25
7.959e-26
6.323e-26
5.022e-26
3.988e-26
3.165e-26
2.515e-26
1.999e-26
1.588e-26
1.262e-26
1.002e-26
7.951e-27
6.318e-27
5.021e-27
3.989e-27
3.169e-27
2.516e-27
1.997e-27
1.587e-27
1.261e-27
1.002e-27
7.96e-28
6.321e-28
5.018e-28
3.985e-28
3.166e-28
2.514e-28
1.995e-28
1.582e-28
1.257e-28
9.985e-29
7.87e-29
6.212e-29
4.92e-29
3.917e-29
3.135e-29
2.508e-29
1.975e-29
1.561e-29
1.24e-29
9.884e-30
7.903e-30
6.315e-30
5.011e-30
3.984e-30
3.167e-30
2.517e-30
1.999e-30
1.587e-30
4.356e-24
3.463e-24
2.752e-24
2.186e-24
1.736e-24
1.379e-24
1.094e-24
8.697e-25
6.912e-25
5.492e-25
4.362e-25
3.463e-25
2.749e-25
2.184e-25
1.736e-25
1.379e-25
1.096e-25
8.7e-26
6.906e-26
5.487e-26
4.361e-26
3.465e-26
2.752e-26
2.185e-26
1.735e-26
1.378e-26
1.095e-26
8.703e-27
6.913e-27
5.49e-27
4.358e-27
3.461e-27
2.751e-27
2.185e-27
1.735e-27
1.377e-27
1.093e-27
8.675e-28
6.851e-28
5.408e-28
4.278e-28
3.4e-28
2.718e-28
2.175e-28
1.713e-28
1.354e-28
1.076e-28
8.587e-29
6.883e-29
5.521e-29
4.39e-29
3.499e-29
2.787e-29
2.217e-29
1.762e-29
1.399e-29
3.001e-23
2.385e-23
1.895e-23
1.506e-23
1.196e-23
9.496e-24
7.537e-24
5.99e-24
4.761e-24
3.782e-24
3.004e-24
2.385e-24
1.893e-24
1.505e-24
1.196e-24
9.501e-25
7.546e-25
5.992e-25
4.756e-25
3.779e-25
3.004e-25
2.386e-25
1.896e-25
1.505e-25
1.195e-25
9.492e-26
7.544e-26
5.994e-26
4.762e-26
3.781e-26
3.002e-26
2.384e-26
1.895e-26
1.506e-26
1.196e-26
9.494e-27
7.537e-27
5.983e-27
4.739e-27
3.748e-27
2.965e-27
2.352e-27
1.877e-27
1.5e-27
1.181e-27
9.329e-28
7.401e-28
5.897e-28
4.717e-28
3.776e-28
2.99e-28
2.377e-28
1.891e-28
1.504e-28
1.195e-28
9.492e-29
1.838e-22
1.461e-22
1.161e-22
9.223e-23
7.325e-23
5.816e-23
4.616e-23
3.669e-23
2.916e-23
2.316e-23
1.84e-23
1.461e-23
1.16e-23
9.214e-24
7.323e-24
5.818e-24
4.622e-24
3.67e-24
2.913e-24
2.314e-24
1.839e-24
1.462e-24
1.161e-24
9.218e-25
7.318e-25
5.813e-25
4.62e-25
3.671e-25
2.916e-25
2.316e-25
1.838e-25
1.46e-25
1.16e-25
9.221e-26
7.324e-26
5.816e-26
4.617e-26
3.665e-26
2.908e-26
2.303e-26
1.823e-26
1.445e-26
1.151e-26
9.179e-27
7.226e-27
5.708e-27
4.528e-27
3.609e-27
2.89e-27
2.318e-27
1.837e-27
1.463e-27
1.167e-27
9.296e-28
7.395e-28
5.875e-28
9.463e-22
7.521e-22
5.976e-22
4.747e-22
3.77e-22
2.993e-22
2.376e-22
1.888e-22
1.5e-22
1.192e-22
9.467e-23
7.517e-23
5.967e-23
4.741e-23
3.768e-23
2.994e-23
2.378e-23
1.888e-23
1.499e-23
1.191e-23
9.465e-24
7.52e-24
5.973e-24
4.743e-24
3.765e-24
2.991e-24
2.377e-24
1.889e-24
1.5e-24
1.192e-24
9.459e-25
7.512e-25
5.971e-25
4.745e-25
3.769e-25
2.993e-25
2.376e-25
1.887e-25
1.498e-25
1.188e-25
9.42e-26
7.469e-26
5.938e-26
4.73e-26
3.724e-26
2.94e-26
2.331e-26
1.856e-26
1.485e-26
1.19e-26
9.4e-27
7.463e-27
5.942e-27
4.732e-27
3.765e-27
2.991e-27
4.437e-21
3.526e-21
2.801e-21
2.224e-21
1.766e-21
1.402e-21
1.113e-21
8.843e-22
7.027e-22
5.583e-22
4.434e-22
3.52e-22
2.794e-22
2.22e-22
1.765e-22
1.402e-22
1.114e-22
8.842e-23
7.019e-23
5.576e-23
4.432e-23
3.521e-23
2.797e-23
2.221e-23
1.763e-23
1.401e-23
1.113e-23
8.845e-24
7.026e-24
5.579e-24
4.429e-24
3.518e-24
2.796e-24
2.222e-24
1.765e-24
1.401e-24
1.113e-24
8.835e-25
7.019e-25
5.573e-25
4.421e-25
3.506e-25
2.785e-25
2.214e-25
1.745e-25
1.377e-25
1.091e-25
8.688e-26
6.952e-26
5.575e-26
4.406e-26
3.5e-26
2.791e-26
2.227e-26
1.775e-26
1.411e-26
1.823e-20
1.447e-20
1.149e-20
9.123e-21
7.242e-21
5.747e-21
4.56e-21
3.623e-21
2.879e-21
2.287e-21
1.816e-21
1.442e-21
1.144e-21
9.093e-22
7.226e-22
5.741e-22
4.56e-22
3.621e-22
2.874e-22
2.283e-22
1.815e-22
1.442e-22
1.145e-22
9.095e-23
7.22e-23
5.735e-23
4.558e-23
3.622e-23
2.877e-23
2.285e-23
1.814e-23
1.44e-23
1.145e-23
9.097e-24
7.227e-24
5.739e-24
4.556e-24
3.618e-24
2.875e-24
2.284e-24
1.813e-24
1.438e-24
1.142e-24
9.075e-25
7.163e-25
5.654e-25
4.476e-25
3.559e-25
2.846e-25
2.281e-25
1.799e-25
1.426e-25
1.135e-25
9.051e-26
7.211e-26
5.735e-26
7.61e-20
5.515e-20
4.374e-20
3.47e-20
2.753e-20
2.184e-20
1.732e-20
1.376e-20
1.093e-20
8.679e-21
6.891e-21
5.47e-21
4.341e-21
3.449e-21
2.741e-21
2.178e-21
1.73e-21
1.373e-21
1.09e-21
8.66e-22
6.883e-22
5.468e-22
4.344e-22
3.449e-22
2.738e-22
2.175e-22
1.729e-22
1.373e-22
1.091e-22
8.664e-23
6.878e-23
5.462e-23
4.342e-23
3.45e-23
2.74e-23
2.176e-23
1.728e-23
1.372e-23
1.09e-23
8.663e-24
6.879e-24
5.46e-24
4.334e-24
3.442e-24
2.721e-24
2.149e-24
1.7e-24
1.351e-24
1.079e-24
8.65e-25
6.824e-25
5.411e-25
4.309e-25
3.44e-25
2.746e-25
2.186e-25
5.144e-19
3.202e-19
2.001e-19
1.254e-19
9.441e-20
7.481e-20
5.929e-20
4.706e-20
3.736e-20
2.966e-20
2.354e-20
1.869e-20
1.483e-20
1.178e-20
9.358e-21
7.434e-21
5.904e-21
4.687e-21
3.72e-21
2.956e-21
2.349e-21
1.866e-21
1.482e-21
1.177e-21
9.343e-22
7.422e-22
5.899e-22
4.687e-22
3.723e-22
2.956e-22
2.347e-22
1.864e-22
1.482e-22
1.177e-22
9.351e-23
7.426e-23
5.895e-23
4.682e-23
3.721e-23
2.957e-23
2.348e-23
1.864e-23
1.48e-23
1.175e-23
9.304e-24
7.355e-24
5.818e-24
4.617e-24
3.685e-24
2.951e-24
2.326e-24
1.842e-24
1.464e-24
1.168e-24
9.318e-25
7.421e-25
3.252e-18
2.006e-18
1.244e-18
7.75e-19
4.847e-19
3.041e-19
1.913e-19
1.514e-19
1.201e-19
9.527e-20
7.558e-20
5.995e-20
4.755e-20
3.777e-20
3e-20
2.383e-20
1.892e-20
1.502e-20
1.192e-20
9.469e-21
7.525e-21
5.978e-21
4.748e-21
3.77e-21
2.993e-21
2.377e-21
1.889e-21
1.501e-21
1.192e-21
9.469e-22
7.517e-22
5.97e-22
4.745e-22
3.771e-22
2.995e-22
2.379e-22
1.888e-22
1.499e-22
1.192e-22
9.47e-23
7.522e-23
5.973e-23
4.742e-23
3.765e-23
2.984e-23
2.361e-23
1.868e-23
1.482e-23
1.181e-23
9.451e-24
7.45e-24
5.898e-24
4.691e-24
3.744e-24
2.991e-24
2.386e-24
1.834e-17
1.112e-17
6.8e-18
4.191e-18
2.599e-18
1.62e-18
1.013e-18
6.318e-19
3.95e-19
2.819e-19
2.234e-19
1.77e-19
1.403e-19
1.114e-19
8.844e-20
7.022e-20
5.574e-20
4.424e-20
3.511e-20
2.788e-20
2.216e-20
1.76e-20
1.398e-20
1.11e-20
8.81e-21
6.998e-21
5.561e-21
4.419e-21
3.51e-21
2.787e-21
2.212e-21
1.757e-21
1.397e-21
1.11e-21
8.816e-22
7.001e-22
5.558e-22
4.413e-22
3.508e-22
2.787e-22
2.214e-22
1.758e-22
1.396e-22
1.108e-22
8.792e-23
6.965e-23
5.515e-23
4.371e-23
3.48e-23
2.782e-23
2.192e-23
1.734e-23
1.377e-23
1.098e-23
8.77e-24
6.995e-24
1.011e-16
5.959e-17
3.568e-17
2.162e-17
1.322e-17
8.153e-18
5.172e-18
3.206e-18
1.995e-18
1.246e-18
7.801e-19
4.969e-19
3.934e-19
3.12e-19
2.476e-19
1.964e-19
1.559e-19
1.237e-19
9.811e-20
7.791e-20
6.189e-20
4.916e-20
3.904e-20
3.099e-20
2.46e-20
1.954e-20
1.553e-20
1.234e-20
9.799e-21
7.781e-21
6.177e-21
4.906e-21
3.899e-21
3.098e-21
2.461e-21
1.954e-21
1.552e-21
1.232e-21
9.793e-22
7.782e-22
6.181e-22
4.909e-22
3.897e-22
3.094e-22
2.456e-22
1.947e-22
1.543e-22
1.223e-22
9.726e-23
7.765e-23
6.119e-23
4.84e-23
3.845e-23
3.067e-23
2.451e-23
1.958e-23
5.425e-16
3.052e-16
1.986e-16
1.168e-16
6.979e-17
4.219e-17
2.575e-17
1.577e-17
9.717e-18
6.021e-18
3.748e-18
2.341e-18
1.466e-18
9.174e-19
6.481e-19
5.138e-19
4.074e-19
3.23e-19
2.561e-19
2.033e-19
1.615e-19
1.282e-19
1.018e-19
8.081e-20
6.413e-20
5.093e-20
4.048e-20
3.216e-20
2.554e-20
2.028e-20
1.61e-20
1.278e-20
1.016e-20
8.074e-21
6.414e-21
5.093e-21
4.043e-21
3.211e-21
2.552e-21
2.028e-21
1.611e-21
1.279e-21
1.016e-21
8.063e-22
6.404e-22
5.081e-22
4.028e-22
3.193e-22
2.538e-22
2.024e-22
1.595e-22
1.261e-22
1e-22
7.974e-23
6.371e-23
5.089e-23
3.019e-15
1.596e-15
8.738e-16
6.051e-16
3.494e-16
2.055e-16
1.227e-16
7.376e-17
4.48e-17
2.745e-17
1.693e-17
1.05e-17
6.538e-18
4.073e-18
2.543e-18
1.592e-18
1.02e-18
8.079e-19
6.401e-19
5.078e-19
4.031e-19
3.2e-19
2.54e-19
2.016e-19
1.6e-19
1.27e-19
1.009e-19
8.017e-20
6.367e-20
5.055e-20
4.013e-20
3.187e-20
2.533e-20
2.012e-20
1.599e-20
1.269e-20
1.008e-20
8.002e-21
6.36e-21
5.054e-21
4.015e-21
3.188e-21
2.531e-21
2.01e-21
1.597e-21
1.267e-21
1.005e-21
7.971e-22
6.331e-22
5.044e-22
3.976e-22
3.143e-22
2.494e-22
1.987e-22
1.589e-22
1.271e-22
2.275e-14
8.77e-15
4.452e-15
2.354e-15
1.715e-15
9.659e-16
5.566e-16
3.248e-16
1.927e-16
1.159e-16
7.043e-17
4.317e-17
2.663e-17
1.646e-17
1.022e-17
6.368e-18
3.981e-18
2.495e-18
1.567e-18
1.2e-18
9.52e-19
7.552e-19
5.992e-19
4.753e-19
3.77e-19
2.993e-19
2.378e-19
1.889e-19
1.5e-19
1.191e-19
9.451e-20
7.505e-20
5.965e-20
4.739e-20
3.764e-20
2.989e-20
2.373e-20
1.884e-20
1.498e-20
1.19e-20
9.453e-21
7.507e-21
5.96e-21
4.732e-21
3.76e-21
2.986e-21
2.369e-21
1.879e-21
1.492e-21
1.188e-21
9.368e-22
7.401e-22
5.868e-22
4.673e-22
3.734e-22
2.986e-22
3.279e-13
9.908e-14
3.198e-14
1.166e-14
5.993e-15
3.197e-15
2.513e-15
1.409e-15
8.089e-16
4.739e-16
2.821e-16
1.701e-16
1.036e-16
6.334e-17
3.898e-17
2.412e-17
1.5e-17
9.361e-18
5.859e-18
3.666e-18
2.297e-18
1.718e-18
1.362e-18
1.08e-18
8.562e-19
6.795e-19
5.396e-19
4.285e-19
3.402e-19
2.701e-19
2.143e-19
1.702e-19
1.352e-19
1.075e-19
8.535e-20
6.777e-20
5.38e-20
4.272e-20
3.395e-20
2.698e-20
2.143e-20
1.702e-20
1.351e-20
1.073e-20
8.525e-21
6.771e-21
5.374e-21
4.264e-21
3.385e-21
2.693e-21
2.125e-21
1.679e-21
1.331e-21
1.06e-21
8.469e-22
8.073e-22
4.98e-12
1.367e-12
3.957e-13
1.215e-13
3.971e-14
1.461e-14
7.545e-15
6.093e-15
3.333e-15
1.878e-15
1.083e-15
6.366e-16
3.799e-16
2.285e-16
1.387e-16
8.498e-17
5.24e-17
3.249e-17
2.023e-17
1.261e-17
7.871e-18
4.927e-18
3.092e-18
2.342e-18
1.856e-18
1.472e-18
1.168e-18
9.275e-19
7.363e-19
5.843e-19
4.636e-19
3.681e-19
2.925e-19
2.324e-19
1.845e-19
1.465e-19
1.163e-19
9.236e-20
7.341e-20
5.833e-20
4.633e-20
3.679e-20
2.921e-20
2.319e-20
1.843e-20
1.464e-20
1.162e-20
9.224e-21
7.323e-21
5.822e-21
4.599e-21
3.633e-21
2.877e-21
2.289e-21
1.829e-21
1.463e-21
7.098e-11
1.85e-11
5.001e-12
1.412e-12
4.197e-13
1.321e-13
4.411e-14
1.649e-14
8.514e-15
7.433e-15
4.118e-15
2.342e-15
1.361e-15
8.001e-16
4.771e-16
2.881e-16
1.757e-16
1.08e-16
6.675e-17
4.135e-17
2.57e-17
1.603e-17
1.003e-17
6.289e-18
3.951e-18
3.088e-18
2.45e-18
1.944e-18
1.543e-18
1.224e-18
9.711e-19
7.708e-19
6.124e-19
4.864e-19
3.863e-19
3.067e-19
2.434e-19
1.933e-19
1.536e-19
1.221e-19
9.696e-20
7.7e-20
6.112e-20
4.853e-20
3.857e-20
3.064e-20
2.433e-20
1.931e-20
1.533e-20
1.218e-20
9.631e-21
7.61e-21
6.026e-21
4.792e-21
3.827e-21
3.065e-21
9.612e-10
2.43e-10
6.295e-11
1.678e-11
4.633e-12
1.335e-12
4.043e-13
1.267e-13
4.241e-14
1.737e-14
1.571e-14
8.528e-15
4.768e-15
2.714e-15
1.576e-15
9.321e-16
5.591e-16
3.391e-16
2.075e-16
1.274e-16
7.866e-17
4.88e-17
3.04e-17
1.9e-17
1.191e-17
7.462e-18
4.942e-18
3.919e-18
3.108e-18
2.465e-18
1.955e-18
1.551e-18
1.232e-18
9.785e-19
7.77e-19
6.168e-19
4.896e-19
3.887e-19
3.089e-19
2.454e-19
1.949e-19
1.548e-19
1.229e-19
9.756e-20
7.754e-20
6.161e-20
4.893e-20
3.884e-20
3.083e-20
2.449e-20
1.938e-20
1.532e-20
1.212e-20
9.633e-21
7.689e-21
6.156e-21
1.131e-08
2.822e-09
7.166e-10
1.856e-10
4.921e-11
1.343e-11
3.801e-12
1.094e-12
3.338e-13
1.086e-13
3.765e-14
1.723e-14
1.671e-14
9.135e-15
5.133e-15
2.955e-15
1.735e-15
1.034e-15
6.242e-16
3.791e-16
2.319e-16
1.429e-16
8.851e-17
5.508e-17
3.439e-17
2.149e-17
1.344e-17
8.426e-18
6.091e-18
4.828e-18
3.827e-18
3.036e-18
2.411e-18
1.914e-18
1.52e-18
1.206e-18
9.572e-19
7.599e-19
6.039e-19
4.798e-19
3.811e-19
3.026e-19
2.402e-19
1.907e-19
1.516e-19
1.204e-19
9.564e-20
7.593e-20
6.028e-20
4.787e-20
3.79e-20
2.997e-20
2.372e-20
1.884e-20
1.503e-20
1.204e-20
2.679e-08
2.668e-08
7.655e-09
1.95e-09
5.048e-10
1.332e-10
3.594e-11
9.695e-12
2.731e-12
8.124e-13
2.566e-13
8.627e-14
3.122e-14
3.085e-14
1.658e-14
9.199e-15
5.241e-15
3.051e-15
1.806e-15
1.08e-15
6.521e-16
3.977e-16
2.445e-16
1.512e-16
9.393e-17
5.846e-17
3.644e-17
2.279e-17
1.429e-17
9.146e-18
7.246e-18
5.745e-18
4.56e-18
3.62e-18
2.873e-18
2.28e-18
1.809e-18
1.436e-18
1.141e-18
9.064e-19
7.199e-19
5.716e-19
4.538e-19
3.602e-19
2.863e-19
2.275e-19
1.807e-19
1.434e-19
1.139e-19
9.043e-20
7.164e-20
5.667e-20
4.485e-20
3.56e-20
2.839e-20
2.273e-20
3.028e-08
3.022e-08
3.012e-08
1.815e-08
4.645e-09
1.205e-09
3.172e-10
8.244e-11
2.209e-11
6.167e-12
1.808e-12
5.601e-13
1.842e-13
6.338e-14
2.691e-14
2.856e-14
1.57e-14
8.876e-15
5.13e-15
3.006e-15
1.787e-15
1.076e-15
6.545e-16
4.015e-16
2.479e-16
1.535e-16
9.529e-17
5.94e-17
3.714e-17
2.328e-17
1.462e-17
1.061e-17
8.421e-18
6.682e-18
5.302e-18
4.206e-18
3.337e-18
2.648e-18
2.104e-18
1.671e-18
1.327e-18
1.054e-18
8.365e-19
6.64e-19
5.277e-19
4.193e-19
3.33e-19
2.644e-19
2.099e-19
1.667e-19
1.321e-19
1.046e-19
8.276e-20
6.567e-20
5.234e-20
4.19e-20
3.402e-08
3.399e-08
3.393e-08
3.383e-08
3.369e-08
1.029e-08
2.671e-09
6.782e-10
1.757e-10
4.688e-11
1.296e-11
3.742e-12
1.137e-12
3.585e-13
1.203e-13
4.311e-14
4.704e-14
2.558e-14
1.432e-14
8.17e-15
4.75e-15
2.811e-15
1.687e-15
1.024e-15
6.265e-16
3.851e-16
2.378e-16
1.475e-16
9.192e-17
5.746e-17
3.601e-17
2.257e-17
1.511e-17
1.198e-17
9.504e-18
7.538e-18
5.978e-18
4.743e-18
3.768e-18
2.993e-18
2.376e-18
1.887e-18
1.497e-18
1.189e-18
9.446e-19
7.505e-19
5.961e-19
4.733e-19
3.757e-19
2.983e-19
2.366e-19
1.873e-19
1.483e-19
1.176e-19
9.367e-20
7.495e-20
3.803e-08
3.801e-08
3.797e-08
3.792e-08
3.783e-08
3.769e-08
2.028e-08
5.087e-09
1.295e-09
3.367e-10
8.984e-11
2.474e-11
7.085e-12
2.079e-12
6.457e-13
2.141e-13
7.568e-14
7.375e-14
3.981e-14
2.199e-14
1.245e-14
7.213e-15
4.256e-15
2.547e-15
1.542e-15
9.399e-16
5.761e-16
3.555e-16
2.205e-16
1.374e-16
8.584e-17
5.37e-17
3.36e-17
2.105e-17
1.668e-17
1.323e-17
1.049e-17
8.317e-18
6.605e-18
5.245e-18
4.164e-18
3.306e-18
2.624e-18
2.082e-18
1.655e-18
1.315e-18
1.044e-18
8.292e-19
6.582e-19
5.226e-19
4.145e-19
3.284e-19
2.6e-19
2.062e-19
1.642e-19
1.313e-19
4.233e-08
4.232e-08
4.23e-08
4.226e-08
4.22e-08
4.212e-08
4.198e-08
3.609e-08
9.087e-09
2.325e-09
6.06e-10
1.614e-10
4.424e-11
1.224e-11
3.542e-12
1.088e-12
3.56e-13
1.241e-13
4.953e-14
5.894e-14
3.225e-14
1.817e-14
1.049e-14
6.166e-15
3.681e-15
2.217e-15
1.346e-15
8.244e-16
5.084e-16
3.152e-16
1.963e-16
1.224e-16
7.642e-17
4.783e-17
3.001e-17
2.263e-17
1.794e-17
1.422e-17
1.129e-17
8.964e-18
7.116e-18
5.648e-18
4.482e-18
3.557e-18
2.827e-18
2.246e-18
1.784e-18
1.416e-18
1.124e-18
8.924e-19
7.081e-19
5.612e-19
4.444e-19
3.524e-19
2.804e-19
2.242e-19
4.693e-08
4.692e-08
4.691e-08
4.689e-08
4.685e-08
4.679e-08
4.67e-08
4.656e-08
4.634e-08
1.472e-08
3.789e-09
9.905e-10
2.643e-10
7.033e-11
1.935e-11
5.595e-12
1.711e-12
5.559e-13
1.921e-13
6.964e-14
8.324e-14
4.544e-14
2.554e-14
1.47e-14
8.628e-15
5.123e-15
3.075e-15
1.866e-15
1.143e-15
7.046e-16
4.367e-16
2.714e-16
1.689e-16
1.055e-16
6.606e-17
4.146e-17
3.012e-17
2.387e-17
1.894e-17
1.504e-17
1.193e-17
9.469e-18
7.513e-18
5.962e-18
4.738e-18
3.764e-18
2.989e-18
2.373e-18
1.884e-18
1.495e-18
1.187e-18
9.409e-19
7.454e-19
5.91e-19
4.7e-19
3.757e-19
5.185e-08
5.184e-08
5.183e-08
5.182e-08
5.179e-08
5.176e-08
5.17e-08
5.16e-08
5.146e-08
5.123e-08
2.26e-08
5.838e-09
1.53e-09
3.963e-10
1.05e-10
2.891e-11
8.335e-12
2.534e-12
8.166e-13
2.758e-13
9.881e-14
1.133e-13
6.167e-14
3.456e-14
1.984e-14
1.157e-14
6.842e-15
4.105e-15
2.49e-15
1.524e-15
9.392e-16
5.809e-16
3.602e-16
2.243e-16
1.401e-16
8.777e-17
5.51e-17
3.921e-17
3.11e-17
2.467e-17
1.958e-17
1.553e-17
1.232e-17
9.776e-18
7.767e-18
6.169e-18
4.899e-18
3.89e-18
3.088e-18
2.451e-18
1.946e-18
1.543e-18
1.222e-18
9.692e-19
7.705e-19
6.155e-19
5.708e-08
5.708e-08
5.707e-08
5.706e-08
5.705e-08
5.702e-08
5.698e-08
5.692e-08
5.682e-08
5.667e-08
5.643e-08
3.18e-08
8.253e-09
2.103e-09
5.445e-10
1.452e-10
4.013e-11
1.158e-11
3.518e-12
1.112e-12
3.731e-13
1.336e-13
1.484e-13
8.069e-14
4.517e-14
2.579e-14
1.499e-14
8.867e-15
5.32e-15
3.228e-15
1.975e-15
1.215e-15
7.499e-16
4.652e-16
2.898e-16
1.812e-16
1.135e-16
7.119e-17
5.022e-17
3.983e-17
3.159e-17
2.505e-17
1.987e-17
1.576e-17
1.252e-17
9.945e-18
7.897e-18
6.27e-18
4.976e-18
3.95e-18
3.136e-18
2.488e-18
1.971e-18
1.563e-18
1.242e-18
9.92e-19
6.265e-08
6.265e-08
6.264e-08
6.264e-08
6.263e-08
6.261e-08
6.258e-08
6.254e-08
6.247e-08
6.237e-08
6.221e-08
6.195e-08
4.261e-08
1.075e-08
2.737e-09
7.134e-10
1.91e-10
5.291e-11
1.526e-11
4.539e-12
1.425e-12
4.781e-13
1.71e-13
1.845e-13
1.021e-13
5.678e-14
3.229e-14
1.877e-14
1.111e-14
6.666e-15
4.044e-15
2.469e-15
1.515e-15
9.36e-16
5.81e-16
3.621e-16
2.264e-16
1.417e-16
8.871e-17
6.307e-17
5e-17
3.964e-17
3.143e-17
2.493e-17
1.98e-17
1.572e-17
1.249e-17
9.911e-18
7.866e-18
6.243e-18
4.958e-18
3.933e-18
3.118e-18
2.472e-18
1.964e-18
1.567e-18
6.856e-08
6.856e-08
6.855e-08
6.855e-08
6.854e-08
6.853e-08
6.851e-08
6.848e-08
6.844e-08
6.836e-08
6.825e-08
6.807e-08
6.779e-08
5.117e-08
1.291e-08
3.319e-09
8.711e-10
2.346e-10
6.524e-11
1.849e-11
5.486e-12
1.733e-12
5.842e-13
2.096e-13
2.166e-13
1.242e-13
6.892e-14
3.928e-14
2.287e-14
1.355e-14
8.134e-15
4.926e-15
3.002e-15
1.844e-15
1.14e-15
7.082e-16
4.417e-16
2.759e-16
1.724e-16
1.08e-16
7.8e-17
6.182e-17
4.9e-17
3.885e-17
3.085e-17
2.449e-17
1.945e-17
1.544e-17
1.225e-17
9.721e-18
7.72e-18
6.126e-18
4.857e-18
3.851e-18
3.059e-18
2.44e-18
7.482e-08
7.482e-08
7.481e-08
7.481e-08
7.48e-08
7.48e-08
7.478e-08
7.476e-08
7.473e-08
7.468e-08
7.46e-08
7.448e-08
7.428e-08
7.397e-08
5.857e-08
1.491e-08
3.859e-09
1.018e-09
2.754e-10
7.505e-11
2.12e-11
6.334e-12
2.012e-12
6.803e-13
2.446e-13
2.5e-13
1.461e-13
8.125e-14
4.639e-14
2.705e-14
1.603e-14
9.61e-15
5.808e-15
3.545e-15
2.18e-15
1.348e-15
8.381e-16
5.222e-16
3.256e-16
2.036e-16
1.276e-16
9.478e-17
7.51e-17
5.953e-17
4.725e-17
3.751e-17
2.977e-17
2.363e-17
1.875e-17
1.488e-17
1.182e-17
9.378e-18
7.436e-18
5.896e-18
4.683e-18
3.734e-18
8.146e-08
8.144e-08
8.144e-08
8.143e-08
8.142e-08
8.142e-08
8.141e-08
8.139e-08
8.137e-08
8.133e-08
8.128e-08
8.119e-08
8.105e-08
8.083e-08
8.048e-08
6.295e-08
1.615e-08
4.209e-09
1.117e-09
2.964e-10
8.076e-11
2.307e-11
6.961e-12
2.229e-12
7.59e-13
2.718e-13
2.828e-13
1.669e-13
9.324e-14
5.34e-14
3.12e-14
1.848e-14
1.106e-14
6.697e-15
4.093e-15
2.52e-15
1.56e-15
9.691e-16
6.027e-16
3.762e-16
2.354e-16
1.477e-16
1.136e-16
9.001e-17
7.143e-17
5.669e-17
4.499e-17
3.57e-17
2.832e-17
2.247e-17
1.785e-17
1.417e-17
1.123e-17
8.908e-18
7.074e-18
5.638e-18
8.849e-08
8.846e-08
8.844e-08
8.842e-08
8.841e-08
8.841e-08
8.84e-08
8.838e-08
8.837e-08
8.834e-08
8.83e-08
8.824e-08
8.814e-08
8.798e-08
8.773e-08
8.733e-08
6.526e-08
1.685e-08
4.416e-09
1.148e-09
3.04e-10
8.37e-11
2.414e-11
7.341e-12
2.368e-12
8.021e-13
2.875e-13
3.159e-13
1.86e-13
1.043e-13
5.987e-14
3.495e-14
2.067e-14
1.24e-14
7.524e-15
4.605e-15
2.838e-15
1.756e-15
1.089e-15
6.78e-16
4.235e-16
2.653e-16
1.693e-16
1.341e-16
1.064e-16
8.439e-17
6.695e-17
5.312e-17
4.214e-17
3.343e-17
2.655e-17
2.107e-17
1.671e-17
1.325e-17
1.052e-17
8.384e-18
9.598e-08
9.59e-08
9.585e-08
9.581e-08
9.579e-08
9.578e-08
9.576e-08
9.575e-08
9.573e-08
9.571e-08
9.568e-08
9.564e-08
9.556e-08
9.545e-08
9.526e-08
9.497e-08
9.452e-08
6.388e-08
1.66e-08
4.26e-09
1.106e-09
2.966e-10
8.264e-11
2.41e-11
7.411e-12
2.383e-12
8.108e-13
2.944e-13
3.474e-13
2.022e-13
1.139e-13
6.54e-14
3.817e-14
2.265e-14
1.363e-14
8.285e-15
5.079e-15
3.129e-15
1.934e-15
1.201e-15
7.484e-16
4.68e-16
2.934e-16
1.974e-16
1.565e-16
1.241e-16
9.846e-17
7.81e-17
6.195e-17
4.914e-17
3.903e-17
3.097e-17
2.457e-17
1.948e-17
1.547e-17
1.232e-17
1.041e-07
1.039e-07
1.037e-07
1.036e-07
1.036e-07
1.035e-07
1.035e-07
1.035e-07
1.035e-07
1.035e-07
1.034e-07
1.034e-07
1.033e-07
1.033e-07
1.031e-07
1.029e-07
1.026e-07
1.021e-07
6.048e-08
1.537e-08
3.936e-09
1.034e-09
2.802e-10
7.885e-11
2.323e-11
7.106e-12
2.294e-12
7.917e-13
2.909e-13
3.777e-13
2.149e-13
1.211e-13
6.954e-14
4.075e-14
2.427e-14
1.464e-14
8.916e-15
5.465e-15
3.363e-15
2.081e-15
1.294e-15
8.075e-16
5.054e-16
3.168e-16
2.273e-16
1.802e-16
1.429e-16
1.133e-16
8.985e-17
7.126e-17
5.659e-17
4.491e-17
3.563e-17
2.825e-17
2.243e-17
1.785e-17
1.132e-07
1.126e-07
1.122e-07
1.12e-07
1.119e-07
1.118e-07
1.117e-07
1.117e-07
1.116e-07
1.116e-07
1.116e-07
1.116e-07
1.115e-07
1.114e-07
1.113e-07
1.112e-07
1.109e-07
1.105e-07
1.099e-07
5.286e-08
1.341e-08
3.473e-09
9.231e-10
2.53e-10
7.205e-11
2.113e-11
6.505e-12
2.139e-12
7.503e-13
2.796e-13
4.033e-13
2.225e-13
1.256e-13
7.255e-14
4.272e-14
2.553e-14
1.544e-14
9.409e-15
5.761e-15
3.552e-15
2.202e-15
1.371e-15
8.565e-16
5.361e-16
3.265e-16
2.588e-16
2.051e-16
1.626e-16
1.289e-16
1.022e-16
8.117e-17
6.442e-17
5.11e-17
4.053e-17
3.217e-17
2.56e-17
1.24e-07
1.226e-07
1.217e-07
1.211e-07
1.207e-07
1.205e-07
1.204e-07
1.203e-07
1.202e-07
1.202e-07
1.201e-07
1.201e-07
1.201e-07
1.2e-07
1.199e-07
1.198e-07
1.196e-07
1.193e-07
1.188e-07
1.181e-07
4.446e-08
1.14e-08
2.984e-09
8.008e-10
2.217e-10
6.27e-11
1.846e-11
5.79e-12
1.937e-12
6.899e-13
5.848e-13
4.225e-13
2.336e-13
1.328e-13
7.713e-14
4.561e-14
2.735e-14
1.655e-14
1.008e-14
6.186e-15
3.822e-15
2.373e-15
1.479e-15
9.241e-16
5.772e-16
3.672e-16
2.91e-16
2.306e-16
1.828e-16
1.449e-16
1.15e-16
9.128e-17
7.241e-17
5.743e-17
4.557e-17
3.626e-17
1.383e-07
1.35e-07
1.328e-07
1.315e-07
1.306e-07
1.3e-07
1.297e-07
1.294e-07
1.293e-07
1.292e-07
1.291e-07
1.291e-07
1.29e-07
1.29e-07
1.289e-07
1.288e-07
1.287e-07
1.284e-07
1.281e-07
1.275e-07
1.266e-07
3.585e-08
9.291e-09
2.457e-09
6.667e-10
1.832e-10
5.204e-11
1.565e-11
5.009e-12
1.707e-12
6.186e-13
6.1e-13
4.381e-13
2.445e-13
1.4e-13
8.18e-14
4.859e-14
2.918e-14
1.765e-14
1.078e-14
6.635e-15
4.107e-15
2.554e-15
1.592e-15
9.93e-16
6.211e-16
4.088e-16
3.238e-16
2.566e-16
2.034e-16
1.614e-16
1.281e-16
1.016e-16
8.058e-17
6.394e-17
5.086e-17
1.59e-07
1.519e-07
1.471e-07
1.44e-07
1.419e-07
1.406e-07
1.398e-07
1.393e-07
1.389e-07
1.387e-07
1.386e-07
1.385e-07
1.384e-07
1.383e-07
1.383e-07
1.382e-07
1.381e-07
1.379e-07
1.376e-07
1.372e-07
1.365e-07
1.1e-07
2.828e-08
7.395e-09
1.974e-09
5.299e-10
1.459e-10
4.225e-11
1.296e-11
4.227e-12
1.467e-12
5.363e-13
6.298e-13
4.467e-13
2.515e-13
1.45e-13
8.516e-14
5.068e-14
3.044e-14
1.849e-14
1.132e-14
6.983e-15
4.33e-15
2.694e-15
1.677e-15
1.047e-15
6.557e-16
4.499e-16
3.564e-16
2.824e-16
2.241e-16
1.778e-16
1.41e-16
1.118e-16
8.873e-17
7.055e-17
1.927e-07
1.777e-07
1.675e-07
1.608e-07
1.563e-07
1.533e-07
1.514e-07
1.502e-07
1.494e-07
1.489e-07
1.486e-07
1.484e-07
1.483e-07
1.482e-07
1.481e-07
1.48e-07
1.479e-07
1.478e-07
1.475e-07
1.472e-07
1.466e-07
1.458e-07
8.26e-08
2.144e-08
5.661e-09
1.494e-09
4.016e-10
1.128e-10
3.338e-11
1.046e-11
3.484e-12
1.223e-12
4.52e-13
6.439e-13
4.483e-13
2.546e-13
1.478e-13
8.708e-14
5.187e-14
3.13e-14
1.907e-14
1.172e-14
7.241e-15
4.493e-15
2.791e-15
1.74e-15
1.088e-15
6.822e-16
4.906e-16
3.886e-16
3.083e-16
2.446e-16
1.94e-16
1.538e-16
1.22e-16
9.701e-17
2.495e-07
2.194e-07
1.989e-07
1.851e-07
1.758e-07
1.696e-07
1.655e-07
1.629e-07
1.612e-07
1.601e-07
1.594e-07
1.59e-07
1.587e-07
1.585e-07
1.584e-07
1.583e-07
1.582e-07
1.58e-07
1.578e-07
1.576e-07
1.571e-07
1.565e-07
1.554e-07
6.089e-08
1.594e-08
4.148e-09
1.093e-09
2.992e-10
8.57e-11
2.587e-11
8.274e-12
2.785e-12
9.891e-13
8.88e-13
6.538e-13
4.432e-13
2.537e-13
1.478e-13
8.724e-14
5.225e-14
3.165e-14
1.935e-14
1.192e-14
7.373e-15
4.568e-15
2.843e-15
1.775e-15
1.112e-15
6.977e-16
5.297e-16
4.201e-16
3.332e-16
2.642e-16
2.095e-16
1.662e-16
1.321e-16
3.509e-07
2.911e-07
2.509e-07
2.237e-07
2.052e-07
1.928e-07
1.844e-07
1.789e-07
1.753e-07
1.73e-07
1.715e-07
1.705e-07
1.699e-07
1.695e-07
1.692e-07
1.69e-07
1.689e-07
1.687e-07
1.686e-07
1.683e-07
1.68e-07
1.674e-07
1.666e-07
1.653e-07
4.325e-08
1.115e-08
2.897e-09
7.776e-10
2.171e-10
6.35e-11
1.959e-11
6.342e-12
2.165e-12
7.885e-13
8.89e-13
6.584e-13
4.322e-13
2.487e-13
1.453e-13
8.63e-14
5.194e-14
3.159e-14
1.938e-14
1.195e-14
7.384e-15
4.585e-15
2.859e-15
1.788e-15
1.121e-15
7.162e-16
5.679e-16
4.503e-16
3.57e-16
2.83e-16
2.245e-16
1.784e-16
5.387e-07
4.186e-07
3.397e-07
2.871e-07
2.516e-07
2.276e-07
2.113e-07
2.005e-07
1.932e-07
1.885e-07
1.854e-07
1.834e-07
1.821e-07
1.812e-07
1.807e-07
1.804e-07
1.801e-07
1.799e-07
1.797e-07
1.795e-07
1.792e-07
1.788e-07
1.781e-07
1.771e-07
1.153e-07
2.95e-08
7.567e-09
1.998e-09
5.456e-10
1.552e-10
4.632e-11
1.443e-11
4.733e-12
1.66e-12
6.191e-13
8.849e-13
6.586e-13
4.147e-13
2.394e-13
1.409e-13
8.418e-14
5.09e-14
3.107e-14
1.909e-14
1.176e-14
7.286e-15
4.534e-15
2.831e-15
1.773e-15
1.112e-15
7.609e-16
6.031e-16
4.781e-16
3.79e-16
3.005e-16
2.387e-16
8.925e-07
6.524e-07
4.975e-07
3.961e-07
3.288e-07
2.835e-07
2.529e-07
2.322e-07
2.182e-07
2.089e-07
2.027e-07
1.986e-07
1.959e-07
1.943e-07
1.932e-07
1.925e-07
1.92e-07
1.917e-07
1.914e-07
1.912e-07
1.909e-07
1.905e-07
1.899e-07
1.891e-07
1.878e-07
7.52e-08
1.914e-08
4.995e-09
1.342e-09
3.735e-10
1.085e-10
3.269e-11
1.033e-11
3.49e-12
1.258e-12
1.185e-12
8.746e-13
6.538e-13
3.912e-13
2.279e-13
1.351e-13
8.117e-14
4.93e-14
3.016e-14
1.852e-14
1.144e-14
7.106e-15
4.43e-15
2.77e-15
1.736e-15
1.087e-15
8.02e-16
6.356e-16
5.037e-16
3.994e-16
3.172e-16
1.583e-06
1.097e-06
7.883e-07
5.9e-07
4.61e-07
3.759e-07
3.189e-07
2.807e-07
2.548e-07
2.372e-07
2.254e-07
2.176e-07
2.124e-07
2.091e-07
2.07e-07
2.056e-07
2.047e-07
2.041e-07
2.037e-07
2.033e-07
2.03e-07
2.027e-07
2.022e-07
2.015e-07
2.004e-07
1.892e-07
4.776e-08
1.234e-08
3.268e-09
8.925e-10
2.529e-10
7.388e-11
2.251e-11
7.331e-12
2.549e-12
9.422e-13
1.158e-12
8.589e-13
6.341e-13
3.653e-13
2.146e-13
1.28e-13
7.728e-14
4.707e-14
2.879e-14
1.774e-14
1.099e-14
6.837e-15
4.269e-15
2.672e-15
1.671e-15
1.058e-15
8.381e-16
6.641e-16
5.264e-16
4.18e-16
2.888e-06
1.93e-06
1.325e-06
9.402e-07
6.937e-07
5.338e-07
4.286e-07
3.586e-07
3.115e-07
2.796e-07
2.58e-07
2.434e-07
2.336e-07
2.272e-07
2.231e-07
2.203e-07
2.186e-07
2.174e-07
2.167e-07
2.161e-07
2.157e-07
2.153e-07
2.149e-07
2.142e-07
2.133e-07
2.12e-07
1.148e-07
2.946e-08
7.734e-09
2.084e-09
5.796e-10
1.651e-10
4.874e-11
1.534e-11
5.156e-12
1.845e-12
1.529e-12
1.124e-12
8.377e-13
5.81e-13
3.379e-13
2e-13
1.2e-13
7.273e-14
4.43e-14
2.72e-14
1.681e-14
1.044e-14
6.508e-15
4.068e-15
2.541e-15
1.591e-15
1.098e-15
8.696e-16
6.892e-16
5.471e-16
5.423e-06
3.532e-06
2.344e-06
1.593e-06
1.117e-06
8.125e-07
6.156e-07
4.868e-07
4.016e-07
3.446e-07
3.06e-07
2.799e-07
2.622e-07
2.504e-07
2.427e-07
2.376e-07
2.342e-07
2.321e-07
2.307e-07
2.297e-07
2.291e-07
2.285e-07
2.28e-07
2.275e-07
2.267e-07
2.255e-07
2.237e-07
6.975e-08
1.814e-08
4.829e-09
1.321e-09
3.676e-10
1.054e-10
3.209e-11
1.042e-11
3.605e-12
1.325e-12
1.468e-12
1.085e-12
8.137e-13
5.277e-13
3.096e-13
1.845e-13
1.112e-13
6.741e-14
4.124e-14
2.541e-14
1.574e-14
9.797e-15
6.116e-15
3.816e-15
2.387e-15
1.497e-15
1.13e-15
8.958e-16
7.108e-16
1.008e-05
6.472e-06
4.206e-06
2.779e-06
1.878e-06
1.306e-06
9.401e-07
7.034e-07
5.495e-07
4.481e-07
3.802e-07
3.344e-07
3.033e-07
2.824e-07
2.684e-07
2.59e-07
2.528e-07
2.488e-07
2.461e-07
2.444e-07
2.433e-07
2.425e-07
2.418e-07
2.412e-07
2.404e-07
2.394e-07
2.379e-07
1.59e-07
4.113e-08
1.086e-08
2.938e-09
8.034e-10
2.247e-10
6.653e-11
2.094e-11
7.021e-12
2.504e-12
1.911e-12
1.4e-12
1.043e-12
7.866e-13
4.756e-13
2.813e-13
1.685e-13
1.016e-13
6.194e-14
3.804e-14
2.351e-14
1.46e-14
9.102e-15
5.671e-15
3.545e-15
2.221e-15
1.46e-15
1.157e-15
8.987e-16
1.886e-05
1.2e-05
7.696e-06
4.989e-06
3.282e-06
2.204e-06
1.519e-06
1.08e-06
7.989e-07
6.169e-07
4.973e-07
4.177e-07
3.64e-07
3.278e-07
3.033e-07
2.868e-07
2.758e-07
2.685e-07
2.638e-07
2.607e-07
2.587e-07
2.573e-07
2.563e-07
2.555e-07
2.547e-07
2.537e-07
2.524e-07
2.504e-07
9.288e-08
2.433e-08
6.51e-09
1.751e-09
4.784e-10
1.378e-10
4.209e-11
1.367e-11
4.724e-12
1.721e-12
1.804e-12
1.333e-12
9.99e-13
7.251e-13
4.253e-13
2.53e-13
1.518e-13
9.207e-14
5.635e-14
3.473e-14
2.153e-14
1.339e-14
8.333e-15
5.203e-15
3.257e-15
2.044e-15
1.484e-15
1.208e-15
3.446e-05
2.182e-05
1.389e-05
8.907e-06
5.767e-06
3.786e-06
2.533e-06
1.731e-06
1.223e-06
8.973e-07
6.869e-07
5.488e-07
4.569e-07
3.953e-07
3.536e-07
3.253e-07
3.062e-07
2.934e-07
2.85e-07
2.794e-07
2.758e-07
2.735e-07
2.718e-07
2.706e-07
2.696e-07
2.686e-07
2.674e-07
2.656e-07
2.02e-07
5.266e-08
1.399e-08
3.717e-09
9.977e-10
2.813e-10
8.373e-11
2.643e-11
8.872e-12
3.14e-12
2.315e-12
1.697e-12
1.264e-12
9.533e-13
6.382e-13
3.769e-13
2.248e-13
1.357e-13
8.276e-14
5.086e-14
3.145e-14
1.953e-14
1.213e-14
7.566e-15
4.732e-15
2.967e-15
1.893e-15
1.613e-15
6.292e-05
3.973e-05
2.517e-05
1.603e-05
1.027e-05
6.642e-06
4.348e-06
2.885e-06
1.961e-06
1.376e-06
1.002e-06
7.6e-07
6.02e-07
4.972e-07
4.271e-07
3.798e-07
3.477e-07
3.26e-07
3.114e-07
3.018e-07
2.955e-07
2.914e-07
2.887e-07
2.868e-07
2.854e-07
2.842e-07
2.829e-07
2.813e-07
2.79e-07
1.139e-07
3.003e-08
7.888e-09
2.081e-09
5.744e-10
1.667e-10
5.117e-11
1.668e-11
5.724e-12
2.062e-12
2.158e-12
1.595e-12
1.196e-12
9.066e-13
5.573e-13
3.301e-13
1.983e-13
1.204e-13
7.375e-14
4.548e-14
2.819e-14
1.748e-14
1.089e-14
6.801e-15
4.26e-15
2.479e-15
2.132e-15
