# For the net reaction CH4 + CO -> C2H2 + H + OH
T           Pbar    rate const            Reaction
500.0   1.000E-06   1.548E-49    CH3OH+H->CH3+H2O    
500.0   1.000E-05   4.155E-48    CH3OH+H->CH3+H2O    
500.0   1.000E-04   6.066E-47    C2H4+M->C2H2+H2+M   
500.0   1.000E-03   6.333E-47    C2H4+M->C2H2+H2+M   
500.0   1.000E-02   6.345E-47    C2H4+M->C2H2+H2+M   
500.0   1.000E-01   6.297E-47    C2H4+M->C2H2+H2+M   
500.0   1.000E+00   6.281E-47    C2H4+M->C2H2+H2+M   
500.0   1.000E+01   6.294E-47    C2H4+M->C2H2+H2+M   
500.0   1.000E+02   6.331E-47    C2H4+M->C2H2+H2+M   
750.0   1.000E-06   5.263E-38    CH3+CH3+M->C2H6+M   
750.0   1.000E-05   5.258E-36    CH3+CH3+M->C2H6+M   
750.0   1.000E-04   6.530E-36    CH2OH+H->OH+CH3     
750.0   1.000E-03   1.063E-36    CH2OH+H->OH+CH3     
750.0   1.000E-02   7.327E-36    CH3OH+H->CH3+H2O    
750.0   1.000E-01   2.648E-34    CH3OH+H->CH3+H2O    
750.0   1.000E+00   2.237E-33    H+C2H2+M->C2H3+M    
750.0   1.000E+01   8.201E-34    H+C2H2+M->C2H3+M    
750.0   1.000E+02   5.493E-34    C2H4+M->C2H2+H2+M   
1000.0  1.000E-06   7.333E-32    C2H2+OH->CH3+CO     
1000.0  1.000E-05   2.301E-32    C2H2+OH->CH3+CO     
1000.0  1.000E-04   9.905E-31    CH3+CH3+M->C2H6+M   
1000.0  1.000E-03   9.735E-29    CH3+CH3+M->C2H6+M   
1000.0  1.000E-02   1.129E-28    CH2OH+H->OH+CH3     
1000.0  1.000E-01   1.816E-29    CH2OH+H->OH+CH3     
1000.0  1.000E+00   2.232E-28    OH+CH3+M->CH3OH+M   
1000.0  1.000E+01   6.618E-27    OH+CH3+M->CH3OH+M   
1000.0  1.000E+02   2.563E-27    H+C2H2+M->C2H3+M    
1250.0  1.000E-06   2.445E-26    C2H2+O->CH2+CO      
1250.0  1.000E-05   4.562E-27    C2H2+OH->CH3+CO     
1250.0  1.000E-04   1.129E-27    C2H2+OH->CH3+CO     
1250.0  1.000E-03   5.319E-27    CH3+CH3+M->C2H6+M   
1250.0  1.000E-02   5.119E-25    CH3+CH3+M->C2H6+M   
1250.0  1.000E-01   4.231E-24    CH2OH+H->OH+CH3     
1250.0  1.000E+00   5.536E-25    CH2OH+H->OH+CH3     
1250.0  1.000E+01   3.563E-24    OH+CH3+M->CH3OH+M   
1250.0  1.000E+02   5.201E-23    H+C2H2+M->C2H3+M    
1500.0  1.000E-06   1.256E-21    C2H2+O->CH2+CO      
1500.0  1.000E-05   1.306E-22    C2H2+O->CH2+CO      
1500.0  1.000E-04   1.514E-23    C2H2+O->CH2+CO      
1500.0  1.000E-03   2.192E-24    C2H2+O->CH2+CO      
1500.0  1.000E-02   5.738E-24    CH3+CH3+M->C2H6+M   
1500.0  1.000E-01   2.224E-22    H+C2H6->C2H5+H2     
1500.0  1.000E+00   2.286E-21    CH2OH+H->OH+CH3     
1500.0  1.000E+01   6.124E-22    OH+CH3+M->CH3OH+M   
1500.0  1.000E+02   5.094E-21    OH+CH3+M->CH3OH+M   
1750.0  1.000E-06   5.108E-18    C2H2+O->CH2+CO      
1750.0  1.000E-05   4.410E-19    C2H2+O->CH2+CO      
1750.0  1.000E-04   4.288E-20    C2H2+O->CH2+CO      
1750.0  1.000E-03   4.485E-21    C2H2+O->CH2+CO      
1750.0  1.000E-02   5.188E-22    C2H2+O->CH2+CO      
1750.0  1.000E-01   1.197E-21    H+C2H6->C2H5+H2     
1750.0  1.000E+00   4.071E-20    H+C2H6->C2H5+H2     
1750.0  1.000E+01   1.124E-19    CH2OH+H->OH+CH3     
1750.0  1.000E+02   1.226E-19    OH+CH3+M->CH3OH+M   
2000.0  1.000E-06   8.169E-15    C2H2+O->CH2+CO      
2000.0  1.000E-05   3.084E-16    C2H2+O->CH2+CO      
2000.0  1.000E-04   2.208E-17    C2H2+O->CH2+CO      
2000.0  1.000E-03   2.016E-18    C2H2+O->CH2+CO      
2000.0  1.000E-02   2.011E-19    C2H2+O->CH2+CO      
2000.0  1.000E-01   2.167E-20    C2H2+O->CH2+CO      
2000.0  1.000E+00   1.679E-19    H+C2H6->C2H5+H2     
2000.0  1.000E+01   5.125E-18    H+C2H6->C2H5+H2     
2000.0  1.000E+02   2.118E-18    OH+CH3+M->CH3OH+M   
2250.0  1.000E-06   1.252E-11    C2H2+O->CH2+CO      
2250.0  1.000E-05   1.611E-13    C2H2+O->CH2+CO      
2250.0  1.000E-04   4.548E-15    C2H2+O->CH2+CO      
2250.0  1.000E-03   2.850E-16    C2H2+O->CH2+CO      
2250.0  1.000E-02   2.460E-17    C2H2+O->CH2+CO      
2250.0  1.000E-01   2.387E-18    C2H2+O->CH2+CO      
2250.0  1.000E+00   2.829E-19    CH2+CH3->H+C2H4     
2250.0  1.000E+01   1.806E-17    H+C2H6->C2H5+H2     
2250.0  1.000E+02   2.589E-17    OH+CH3+M->CH3OH+M   
2500.0  1.000E-06   2.267E-06    C+CH->C2+H          
2500.0  1.000E-05   2.170E-10    C+CH->C2+H          
2500.0  1.000E-04   8.433E-13    C2H2+O->CH2+CO      
2500.0  1.000E-03   2.273E-14    C2H2+O->CH2+CO      
2500.0  1.000E-02   1.354E-15    C2H2+O->CH2+CO      
2500.0  1.000E-01   1.143E-16    C2H2+O->CH2+CO      
2500.0  1.000E+00   1.114E-17    C2H2+O->CH2+CO      
2500.0  1.000E+01   5.317E-17    H+C2H6->C2H5+H2     
2500.0  1.000E+02   2.088E-16    OH+CH3+M->CH3OH+M   
2750.0  1.000E-06   1.271E-03    H2+C2H->H+C2H2      
2750.0  1.000E-05   9.438E-06    C+CH->C2+H          
2750.0  1.000E-04   9.409E-10    C+CH->C2+H          
2750.0  1.000E-03   1.589E-12    C2H2+O->CH2+CO      
2750.0  1.000E-02   4.781E-14    C2H2+O->CH2+CO      
2750.0  1.000E-01   3.022E-15    C2H2+O->CH2+CO      
2750.0  1.000E+00   2.640E-16    C2H2+O->CH2+CO      
2750.0  1.000E+01   8.082E-17    CH2+CH3->H+C2H4     
2750.0  1.000E+02   1.154E-15    OH+CH3+M->CH3OH+M   
3000.0  1.000E-06   1.440E-01    H2+C2H->H+C2H2      
3000.0  1.000E-05   1.440E-03    H2+C2H->H+C2H2      
3000.0  1.000E-04   6.838E-06    C+CH->C2+H          
3000.0  1.000E-03   7.617E-10    C+CH->C2+H          
3000.0  1.000E-02   1.448E-12    C2H2+O->CH2+CO      
3000.0  1.000E-01   5.516E-14    C2H2+O->CH2+CO      
3000.0  1.000E+00   3.960E-15    C2H2+O->CH2+CO      
3000.0  1.000E+01   4.242E-16    CH2+CH3->H+C2H4     
3000.0  1.000E+02   2.739E-15    CH3+O->H2CO+H       