 ntimeOH                  H2                  H2O                 H                   CO                  CO2                 O                   CH4                 C2H2                NH3                 N2                  HCN                 
           0   0.00000000       0.0000000000000000       0.69999999999999996        0.0000000000000000        0.0000000000000000       0.10000000000000001        0.0000000000000000       0.10000000000000001        0.0000000000000000        0.0000000000000000        5.0000000000000003E-002   5.0000000000000003E-002   0.0000000000000000     
           1   30.000000000000000        0.0000000000000000       0.69999999999999996        0.0000000000000000        0.0000000000000000       0.10000000000000001        0.0000000000000000       0.10000000000000001        0.0000000000000000        0.0000000000000000        5.0000000000000003E-002   5.0000000000000003E-002   0.0000000000000000     
           2   60.000000000000000        0.0000000000000000       0.69999999999999996        0.0000000000000000        0.0000000000000000       0.10000000000000001        0.0000000000000000       0.10000000000000001        0.0000000000000000        0.0000000000000000        5.0000000000000003E-002   5.0000000000000003E-002   0.0000000000000000     
           3   90.000000000000000        0.0000000000000000       0.69999999999999996        0.0000000000000000        0.0000000000000000       0.10000000000000001        0.0000000000000000       0.10000000000000001        0.0000000000000000        0.0000000000000000        5.0000000000000003E-002   5.0000000000000003E-002   0.0000000000000000     
           4   120.00000000000000        0.0000000000000000       0.69999999999999996        0.0000000000000000        0.0000000000000000       0.10000000000000001        0.0000000000000000       0.10000000000000001        0.0000000000000000        0.0000000000000000        5.0000000000000003E-002   5.0000000000000003E-002   0.0000000000000000     
           5   150.00000000000000        0.0000000000000000       0.69999999999999996        0.0000000000000000        0.0000000000000000       0.10000000000000001        0.0000000000000000       0.10000000000000001        0.0000000000000000        0.0000000000000000        5.0000000000000003E-002   5.0000000000000003E-002   0.0000000000000000     
           6   180.00000000000000        0.0000000000000000       0.69999999999999996        0.0000000000000000        0.0000000000000000       0.10000000000000001        0.0000000000000000       0.10000000000000001        0.0000000000000000        0.0000000000000000        5.0000000000000003E-002   5.0000000000000003E-002   0.0000000000000000     
           7   210.00000000000000        0.0000000000000000       0.69999999999999996        0.0000000000000000        0.0000000000000000       0.10000000000000001        0.0000000000000000       0.10000000000000001        0.0000000000000000        0.0000000000000000        5.0000000000000003E-002   5.0000000000000003E-002   0.0000000000000000     
           8   240.00000000000000        0.0000000000000000       0.69999999999999996        0.0000000000000000        0.0000000000000000       0.10000000000000001        0.0000000000000000       0.10000000000000001        0.0000000000000000        0.0000000000000000        5.0000000000000003E-002   5.0000000000000003E-002   0.0000000000000000     
           9   270.00000000000000        0.0000000000000000       0.69999999999999996        0.0000000000000000        0.0000000000000000       0.10000000000000001        0.0000000000000000       0.10000000000000001        0.0000000000000000        0.0000000000000000        5.0000000000000003E-002   5.0000000000000003E-002   0.0000000000000000     
          10   300.00000000000000        0.0000000000000000       0.69999999999999996        0.0000000000000000        0.0000000000000000       0.10000000000000001        0.0000000000000000       0.10000000000000001        0.0000000000000000        0.0000000000000000        5.0000000000000003E-002   5.0000000000000003E-002   0.0000000000000000     
          11   330.00000000000000        0.0000000000000000       0.69999999999999996        0.0000000000000000        0.0000000000000000       0.10000000000000001        0.0000000000000000       0.10000000000000001        0.0000000000000000        0.0000000000000000        5.0000000000000003E-002   5.0000000000000003E-002   0.0000000000000000     
          12   360.00000000000000        0.0000000000000000       0.69999999999999996        0.0000000000000000        0.0000000000000000       0.10000000000000001        0.0000000000000000       0.10000000000000001        0.0000000000000000        0.0000000000000000        5.0000000000000003E-002   5.0000000000000003E-002   0.0000000000000000     
          13   390.00000000000000        0.0000000000000000       0.69999999999999996        0.0000000000000000        0.0000000000000000       0.10000000000000001        0.0000000000000000       0.10000000000000001        0.0000000000000000        0.0000000000000000        5.0000000000000003E-002   5.0000000000000003E-002   0.0000000000000000     
          14   420.00000000000000        0.0000000000000000       0.69999999999999996        0.0000000000000000        0.0000000000000000       0.10000000000000001        0.0000000000000000       0.10000000000000001        0.0000000000000000        0.0000000000000000        5.0000000000000003E-002   5.0000000000000003E-002   0.0000000000000000     
          15   450.00000000000000        0.0000000000000000       0.69999999999999996        0.0000000000000000        0.0000000000000000       0.10000000000000001        0.0000000000000000       0.10000000000000001        0.0000000000000000        0.0000000000000000        5.0000000000000003E-002   5.0000000000000003E-002   0.0000000000000000     
          16   480.00000000000000        0.0000000000000000       0.69999999999999996        0.0000000000000000        0.0000000000000000       0.10000000000000001        0.0000000000000000       0.10000000000000001        0.0000000000000000        0.0000000000000000        5.0000000000000003E-002   5.0000000000000003E-002   0.0000000000000000     
          17   510.00000000000000        0.0000000000000000       0.69999999999999996        0.0000000000000000        0.0000000000000000       0.10000000000000001        0.0000000000000000       0.10000000000000001        0.0000000000000000        0.0000000000000000        5.0000000000000003E-002   5.0000000000000003E-002   0.0000000000000000     
          18   540.00000000000000        0.0000000000000000       0.69999999999999996        0.0000000000000000        0.0000000000000000       0.10000000000000001        0.0000000000000000       0.10000000000000001        0.0000000000000000        0.0000000000000000        5.0000000000000003E-002   5.0000000000000003E-002   0.0000000000000000     
          19   570.00000000000000        0.0000000000000000       0.69999999999999996        0.0000000000000000        0.0000000000000000       0.10000000000000001        0.0000000000000000       0.10000000000000001        0.0000000000000000        0.0000000000000000        5.0000000000000003E-002   5.0000000000000003E-002   0.0000000000000000     
          20   600.00000000000000        0.0000000000000000       0.69999999999999996        0.0000000000000000        0.0000000000000000       0.10000000000000001        0.0000000000000000       0.10000000000000001        0.0000000000000000        0.0000000000000000        5.0000000000000003E-002   5.0000000000000003E-002   0.0000000000000000     
          21   630.00000000000000        0.0000000000000000       0.69999999999999996        0.0000000000000000        0.0000000000000000       0.10000000000000001        0.0000000000000000       0.10000000000000001        0.0000000000000000        0.0000000000000000        5.0000000000000003E-002   5.0000000000000003E-002   0.0000000000000000     
          22   660.00000000000000        0.0000000000000000       0.69999999999999996        0.0000000000000000        0.0000000000000000       0.10000000000000001        0.0000000000000000       0.10000000000000001        0.0000000000000000        0.0000000000000000        5.0000000000000003E-002   5.0000000000000003E-002   0.0000000000000000     
          23   690.00000000000000        0.0000000000000000       0.69999999999999996        0.0000000000000000        0.0000000000000000       0.10000000000000001        0.0000000000000000       0.10000000000000001        0.0000000000000000        0.0000000000000000        5.0000000000000003E-002   5.0000000000000003E-002   0.0000000000000000     
          24   720.00000000000000        0.0000000000000000       0.69999999999999996        0.0000000000000000        0.0000000000000000       0.10000000000000001        0.0000000000000000       0.10000000000000001        0.0000000000000000        0.0000000000000000        5.0000000000000003E-002   5.0000000000000003E-002   0.0000000000000000     
          25   750.00000000000000        0.0000000000000000       0.69999999999999996        0.0000000000000000        0.0000000000000000       0.10000000000000001        0.0000000000000000       0.10000000000000001        0.0000000000000000        0.0000000000000000        5.0000000000000003E-002   5.0000000000000003E-002   0.0000000000000000     
          26   780.00000000000000        0.0000000000000000       0.69999999999999996        0.0000000000000000        0.0000000000000000       0.10000000000000001        0.0000000000000000       0.10000000000000001        0.0000000000000000        0.0000000000000000        5.0000000000000003E-002   5.0000000000000003E-002   0.0000000000000000     
          27   810.00000000000000        0.0000000000000000       0.69999999999999996        0.0000000000000000        0.0000000000000000       0.10000000000000001        0.0000000000000000       0.10000000000000001        0.0000000000000000        0.0000000000000000        5.0000000000000003E-002   5.0000000000000003E-002   0.0000000000000000     
          28   840.00000000000000        0.0000000000000000       0.69999999999999996        0.0000000000000000        0.0000000000000000       0.10000000000000001        0.0000000000000000       0.10000000000000001        0.0000000000000000        0.0000000000000000        5.0000000000000003E-002   5.0000000000000003E-002   0.0000000000000000     
          29   870.00000000000000        0.0000000000000000       0.69999999999999996        0.0000000000000000        0.0000000000000000       0.10000000000000001        0.0000000000000000       0.10000000000000001        0.0000000000000000        0.0000000000000000        5.0000000000000003E-002   5.0000000000000003E-002   0.0000000000000000     
          30   900.00000000000000        0.0000000000000000       0.69999999999999996        0.0000000000000000        0.0000000000000000       0.10000000000000001        0.0000000000000000       0.10000000000000001        0.0000000000000000        0.0000000000000000        5.0000000000000003E-002   5.0000000000000003E-002   0.0000000000000000     
          31   930.00000000000000        0.0000000000000000       0.69999999999999996        0.0000000000000000        0.0000000000000000       0.10000000000000001        0.0000000000000000       0.10000000000000001        0.0000000000000000        0.0000000000000000        5.0000000000000003E-002   5.0000000000000003E-002   0.0000000000000000     
          32   960.00000000000000        0.0000000000000000       0.69999999999999996        0.0000000000000000        0.0000000000000000       0.10000000000000001        0.0000000000000000       0.10000000000000001        0.0000000000000000        0.0000000000000000        5.0000000000000003E-002   5.0000000000000003E-002   0.0000000000000000     
          33   990.00000000000000        0.0000000000000000       0.69999999999999996        0.0000000000000000        0.0000000000000000       0.10000000000000001        0.0000000000000000       0.10000000000000001        0.0000000000000000        0.0000000000000000        5.0000000000000003E-002   5.0000000000000003E-002   0.0000000000000000     
          34   1020.0000000000000        0.0000000000000000       0.69999999999999996        0.0000000000000000        0.0000000000000000       0.10000000000000001        0.0000000000000000       0.10000000000000001        0.0000000000000000        0.0000000000000000        5.0000000000000003E-002   5.0000000000000003E-002   0.0000000000000000     
          35   1050.0000000000000        0.0000000000000000       0.69999999999999996        0.0000000000000000        0.0000000000000000       0.10000000000000001        0.0000000000000000       0.10000000000000001        0.0000000000000000        0.0000000000000000        5.0000000000000003E-002   5.0000000000000003E-002   0.0000000000000000     
          36   1080.0000000000000        0.0000000000000000       0.69999999999999996        0.0000000000000000        0.0000000000000000       0.10000000000000001        0.0000000000000000       0.10000000000000001        0.0000000000000000        0.0000000000000000        5.0000000000000003E-002   5.0000000000000003E-002   0.0000000000000000     
          37   1110.0000000000000        0.0000000000000000       0.69999999999999996        0.0000000000000000        0.0000000000000000       0.10000000000000001        0.0000000000000000       0.10000000000000001        0.0000000000000000        0.0000000000000000        5.0000000000000003E-002   5.0000000000000003E-002   0.0000000000000000     
          38   1140.0000000000000        0.0000000000000000       0.69999999999999996        0.0000000000000000        0.0000000000000000       0.10000000000000001        0.0000000000000000       0.10000000000000001        0.0000000000000000        0.0000000000000000        5.0000000000000003E-002   5.0000000000000003E-002   0.0000000000000000     
          39   1170.0000000000000        0.0000000000000000       0.69999999999999996        0.0000000000000000        0.0000000000000000       0.10000000000000001        0.0000000000000000       0.10000000000000001        0.0000000000000000        0.0000000000000000        5.0000000000000003E-002   5.0000000000000003E-002   0.0000000000000000     
          40   1200.0000000000000        0.0000000000000000       0.69999999999999996        0.0000000000000000        0.0000000000000000       0.10000000000000001        0.0000000000000000       0.10000000000000001        0.0000000000000000        0.0000000000000000        5.0000000000000003E-002   5.0000000000000003E-002   0.0000000000000000     
          41   1230.0000000000000        0.0000000000000000       0.69999999999999996        0.0000000000000000        0.0000000000000000       0.10000000000000001        0.0000000000000000       0.10000000000000001        0.0000000000000000        0.0000000000000000        5.0000000000000003E-002   5.0000000000000003E-002   0.0000000000000000     
          42   1260.0000000000000        0.0000000000000000       0.69999999999999996        0.0000000000000000        0.0000000000000000       0.10000000000000001        0.0000000000000000       0.10000000000000001        0.0000000000000000        0.0000000000000000        5.0000000000000003E-002   5.0000000000000003E-002   0.0000000000000000     
          43   1290.0000000000000        0.0000000000000000       0.69999999999999996        0.0000000000000000        0.0000000000000000       0.10000000000000001        0.0000000000000000       0.10000000000000001        0.0000000000000000        0.0000000000000000        5.0000000000000003E-002   5.0000000000000003E-002   0.0000000000000000     
          44   1320.0000000000000        0.0000000000000000       0.69999999999999996        0.0000000000000000        0.0000000000000000       0.10000000000000001        0.0000000000000000       0.10000000000000001        0.0000000000000000        0.0000000000000000        5.0000000000000003E-002   5.0000000000000003E-002   0.0000000000000000     
          45   1350.0000000000000        0.0000000000000000       0.69999999999999996        0.0000000000000000        0.0000000000000000       0.10000000000000001        0.0000000000000000       0.10000000000000001        0.0000000000000000        0.0000000000000000        5.0000000000000003E-002   5.0000000000000003E-002   0.0000000000000000     
          46   1380.0000000000000        0.0000000000000000       0.69999999999999996        0.0000000000000000        0.0000000000000000       0.10000000000000001        0.0000000000000000       0.10000000000000001        0.0000000000000000        0.0000000000000000        5.0000000000000003E-002   5.0000000000000003E-002   0.0000000000000000     
          47   1410.0000000000000        0.0000000000000000       0.69999999999999996        0.0000000000000000        0.0000000000000000       0.10000000000000001        0.0000000000000000       0.10000000000000001        0.0000000000000000        0.0000000000000000        5.0000000000000003E-002   5.0000000000000003E-002   0.0000000000000000     
          48   1440.0000000000000        0.0000000000000000       0.69999999999999996        0.0000000000000000        0.0000000000000000       0.10000000000000001        0.0000000000000000       0.10000000000000001        0.0000000000000000        0.0000000000000000        5.0000000000000003E-002   5.0000000000000003E-002   0.0000000000000000     
          49   1470.0000000000000        0.0000000000000000       0.69999999999999996        0.0000000000000000        0.0000000000000000       0.10000000000000001        0.0000000000000000       0.10000000000000001        0.0000000000000000        0.0000000000000000        5.0000000000000003E-002   5.0000000000000003E-002   0.0000000000000000     
          50   1500.0000000000000        0.0000000000000000       0.69999999999999996        0.0000000000000000        0.0000000000000000       0.10000000000000001        0.0000000000000000       0.10000000000000001        0.0000000000000000        0.0000000000000000        5.0000000000000003E-002   5.0000000000000003E-002   0.0000000000000000     
          51   1530.0000000000000        0.0000000000000000       0.69999999999999996        0.0000000000000000        0.0000000000000000       0.10000000000000001        0.0000000000000000       0.10000000000000001        0.0000000000000000        0.0000000000000000        5.0000000000000003E-002   5.0000000000000003E-002   0.0000000000000000     
          52   1560.0000000000000        0.0000000000000000       0.69999999999999996        0.0000000000000000        0.0000000000000000       0.10000000000000001        0.0000000000000000       0.10000000000000001        0.0000000000000000        0.0000000000000000        5.0000000000000003E-002   5.0000000000000003E-002   0.0000000000000000     
          53   1590.0000000000000        0.0000000000000000       0.69999999999999996        0.0000000000000000        0.0000000000000000       0.10000000000000001        0.0000000000000000       0.10000000000000001        0.0000000000000000        0.0000000000000000        5.0000000000000003E-002   5.0000000000000003E-002   0.0000000000000000     
          54   1620.0000000000000        0.0000000000000000       0.69999999999999996        0.0000000000000000        0.0000000000000000       0.10000000000000001        0.0000000000000000       0.10000000000000001        0.0000000000000000        0.0000000000000000        5.0000000000000003E-002   5.0000000000000003E-002   0.0000000000000000     
          55   1650.0000000000000        0.0000000000000000       0.69999999999999996        0.0000000000000000        0.0000000000000000       0.10000000000000001        0.0000000000000000       0.10000000000000001        0.0000000000000000        0.0000000000000000        5.0000000000000003E-002   5.0000000000000003E-002   0.0000000000000000     
          56   1680.0000000000000        0.0000000000000000       0.69999999999999996        0.0000000000000000        0.0000000000000000       0.10000000000000001        0.0000000000000000       0.10000000000000001        0.0000000000000000        0.0000000000000000        5.0000000000000003E-002   5.0000000000000003E-002   0.0000000000000000     
          57   1710.0000000000000        0.0000000000000000       0.69999999999999996        0.0000000000000000        0.0000000000000000       0.10000000000000001        0.0000000000000000       0.10000000000000001        0.0000000000000000        0.0000000000000000        5.0000000000000003E-002   5.0000000000000003E-002   0.0000000000000000     
          58   1740.0000000000000        0.0000000000000000       0.69999999999999996        0.0000000000000000        0.0000000000000000       0.10000000000000001        0.0000000000000000       0.10000000000000001        0.0000000000000000        0.0000000000000000        5.0000000000000003E-002   5.0000000000000003E-002   0.0000000000000000     
          59   1770.0000000000000        0.0000000000000000       0.69999999999999996        0.0000000000000000        0.0000000000000000       0.10000000000000001        0.0000000000000000       0.10000000000000001        0.0000000000000000        0.0000000000000000        5.0000000000000003E-002   5.0000000000000003E-002   0.0000000000000000     
          60   1800.0000000000000        0.0000000000000000       0.69999999999999996        0.0000000000000000        0.0000000000000000       0.10000000000000001        0.0000000000000000       0.10000000000000001        0.0000000000000000        0.0000000000000000        5.0000000000000003E-002   5.0000000000000003E-002   0.0000000000000000     
          61   1830.0000000000000        0.0000000000000000       0.69999999999999996        0.0000000000000000        0.0000000000000000       0.10000000000000001        0.0000000000000000       0.10000000000000001        0.0000000000000000        0.0000000000000000        5.0000000000000003E-002   5.0000000000000003E-002   0.0000000000000000     
          62   1860.0000000000000        0.0000000000000000       0.69999999999999996        0.0000000000000000        0.0000000000000000       0.10000000000000001        0.0000000000000000       0.10000000000000001        0.0000000000000000        0.0000000000000000        5.0000000000000003E-002   5.0000000000000003E-002   0.0000000000000000     
          63   1890.0000000000000        0.0000000000000000       0.69999999999999996        0.0000000000000000        0.0000000000000000       0.10000000000000001        0.0000000000000000       0.10000000000000001        0.0000000000000000        0.0000000000000000        5.0000000000000003E-002   5.0000000000000003E-002   0.0000000000000000     
          64   1920.0000000000000        0.0000000000000000       0.69999999999999996        0.0000000000000000        0.0000000000000000       0.10000000000000001        0.0000000000000000       0.10000000000000001        0.0000000000000000        0.0000000000000000        5.0000000000000003E-002   5.0000000000000003E-002   0.0000000000000000     
          65   1950.0000000000000        0.0000000000000000       0.69999999999999996        0.0000000000000000        0.0000000000000000       0.10000000000000001        0.0000000000000000       0.10000000000000001        0.0000000000000000        0.0000000000000000        5.0000000000000003E-002   5.0000000000000003E-002   0.0000000000000000     
          66   1980.0000000000000        0.0000000000000000       0.69999999999999996        0.0000000000000000        0.0000000000000000       0.10000000000000001        0.0000000000000000       0.10000000000000001        0.0000000000000000        0.0000000000000000        5.0000000000000003E-002   5.0000000000000003E-002   0.0000000000000000     
          67   2010.0000000000000        0.0000000000000000       0.69999999999999996        0.0000000000000000        0.0000000000000000       0.10000000000000001        0.0000000000000000       0.10000000000000001        0.0000000000000000        0.0000000000000000        5.0000000000000003E-002   5.0000000000000003E-002   0.0000000000000000     
          68   2040.0000000000000        0.0000000000000000       0.69999999999999996        0.0000000000000000        0.0000000000000000       0.10000000000000001        0.0000000000000000       0.10000000000000001        0.0000000000000000        0.0000000000000000        5.0000000000000003E-002   5.0000000000000003E-002   0.0000000000000000     
          69   2070.0000000000000        0.0000000000000000       0.69999999999999996        0.0000000000000000        0.0000000000000000       0.10000000000000001        0.0000000000000000       0.10000000000000001        0.0000000000000000        0.0000000000000000        5.0000000000000003E-002   5.0000000000000003E-002   0.0000000000000000     
          70   2100.0000000000000        0.0000000000000000       0.69999999999999996        0.0000000000000000        0.0000000000000000       0.10000000000000001        0.0000000000000000       0.10000000000000001        0.0000000000000000        0.0000000000000000        5.0000000000000003E-002   5.0000000000000003E-002   0.0000000000000000     
          71   2130.0000000000000        0.0000000000000000       0.69999999999999996        0.0000000000000000        0.0000000000000000       0.10000000000000001        0.0000000000000000       0.10000000000000001        0.0000000000000000        0.0000000000000000        5.0000000000000003E-002   5.0000000000000003E-002   0.0000000000000000     
          72   2160.0000000000000        0.0000000000000000       0.69999999999999996        0.0000000000000000        0.0000000000000000       0.10000000000000001        0.0000000000000000       0.10000000000000001        0.0000000000000000        0.0000000000000000        5.0000000000000003E-002   5.0000000000000003E-002   0.0000000000000000     
          73   2190.0000000000000        0.0000000000000000       0.69999999999999996        0.0000000000000000        0.0000000000000000       0.10000000000000001        0.0000000000000000       0.10000000000000001        0.0000000000000000        0.0000000000000000        5.0000000000000003E-002   5.0000000000000003E-002   0.0000000000000000     
          74   2220.0000000000000        0.0000000000000000       0.69999999999999996        0.0000000000000000        0.0000000000000000       0.10000000000000001        0.0000000000000000       0.10000000000000001        0.0000000000000000        0.0000000000000000        5.0000000000000003E-002   5.0000000000000003E-002   0.0000000000000000     
          75   2250.0000000000000        0.0000000000000000       0.69999999999999996        0.0000000000000000        0.0000000000000000       0.10000000000000001        0.0000000000000000       0.10000000000000001        0.0000000000000000        0.0000000000000000        5.0000000000000003E-002   5.0000000000000003E-002   0.0000000000000000     
          76   2280.0000000000000        0.0000000000000000       0.69999999999999996        0.0000000000000000        0.0000000000000000       0.10000000000000001        0.0000000000000000       0.10000000000000001        0.0000000000000000        0.0000000000000000        5.0000000000000003E-002   5.0000000000000003E-002   0.0000000000000000     
          77   2310.0000000000000        0.0000000000000000       0.69999999999999996        0.0000000000000000        0.0000000000000000       0.10000000000000001        0.0000000000000000       0.10000000000000001        0.0000000000000000        0.0000000000000000        5.0000000000000003E-002   5.0000000000000003E-002   0.0000000000000000     
          78   2340.0000000000000        0.0000000000000000       0.69999999999999996        0.0000000000000000        0.0000000000000000       0.10000000000000001        0.0000000000000000       0.10000000000000001        0.0000000000000000        0.0000000000000000        5.0000000000000003E-002   5.0000000000000003E-002   0.0000000000000000     
          79   2370.0000000000000        0.0000000000000000       0.69999999999999996        0.0000000000000000        0.0000000000000000       0.10000000000000001        0.0000000000000000       0.10000000000000001        0.0000000000000000        0.0000000000000000        5.0000000000000003E-002   5.0000000000000003E-002   0.0000000000000000     
          80   2400.0000000000000        0.0000000000000000       0.69999999999999996        0.0000000000000000        0.0000000000000000       0.10000000000000001        0.0000000000000000       0.10000000000000001        0.0000000000000000        0.0000000000000000        5.0000000000000003E-002   5.0000000000000003E-002   0.0000000000000000     
          81   2430.0000000000000        0.0000000000000000       0.69999999999999996        0.0000000000000000        0.0000000000000000       0.10000000000000001        0.0000000000000000       0.10000000000000001        0.0000000000000000        0.0000000000000000        5.0000000000000003E-002   5.0000000000000003E-002   0.0000000000000000     
          82   2460.0000000000000        0.0000000000000000       0.69999999999999996        0.0000000000000000        0.0000000000000000       0.10000000000000001        0.0000000000000000       0.10000000000000001        0.0000000000000000        0.0000000000000000        5.0000000000000003E-002   5.0000000000000003E-002   0.0000000000000000     
          83   2490.0000000000000        0.0000000000000000       0.69999999999999996        0.0000000000000000        0.0000000000000000       0.10000000000000001        0.0000000000000000       0.10000000000000001        0.0000000000000000        0.0000000000000000        5.0000000000000003E-002   5.0000000000000003E-002   0.0000000000000000     
          84   2520.0000000000000        0.0000000000000000       0.69999999999999996        0.0000000000000000        0.0000000000000000       0.10000000000000001        0.0000000000000000       0.10000000000000001        0.0000000000000000        0.0000000000000000        5.0000000000000003E-002   5.0000000000000003E-002   0.0000000000000000     
          85   2550.0000000000000        0.0000000000000000       0.69999999999999996        0.0000000000000000        0.0000000000000000       0.10000000000000001        0.0000000000000000       0.10000000000000001        0.0000000000000000        0.0000000000000000        5.0000000000000003E-002   5.0000000000000003E-002   0.0000000000000000     
          86   2580.0000000000000        0.0000000000000000       0.69999999999999996        0.0000000000000000        0.0000000000000000       0.10000000000000001        0.0000000000000000       0.10000000000000001        0.0000000000000000        0.0000000000000000        5.0000000000000003E-002   5.0000000000000003E-002   0.0000000000000000     
          87   2610.0000000000000        0.0000000000000000       0.69999999999999996        0.0000000000000000        0.0000000000000000       0.10000000000000001        0.0000000000000000       0.10000000000000001        0.0000000000000000        0.0000000000000000        5.0000000000000003E-002   5.0000000000000003E-002   0.0000000000000000     
          88   2640.0000000000000        0.0000000000000000       0.69999999999999996        0.0000000000000000        0.0000000000000000       0.10000000000000001        0.0000000000000000       0.10000000000000001        0.0000000000000000        0.0000000000000000        5.0000000000000003E-002   5.0000000000000003E-002   0.0000000000000000     
          89   2670.0000000000000        0.0000000000000000       0.69999999999999996        0.0000000000000000        0.0000000000000000       0.10000000000000001        0.0000000000000000       0.10000000000000001        0.0000000000000000        0.0000000000000000        5.0000000000000003E-002   5.0000000000000003E-002   0.0000000000000000     
          90   2700.0000000000000        0.0000000000000000       0.69999999999999996        0.0000000000000000        0.0000000000000000       0.10000000000000001        0.0000000000000000       0.10000000000000001        0.0000000000000000        0.0000000000000000        5.0000000000000003E-002   5.0000000000000003E-002   0.0000000000000000     
          91   2730.0000000000000        0.0000000000000000       0.69999999999999996        0.0000000000000000        0.0000000000000000       0.10000000000000001        0.0000000000000000       0.10000000000000001        0.0000000000000000        0.0000000000000000        5.0000000000000003E-002   5.0000000000000003E-002   0.0000000000000000     
          92   2760.0000000000000        0.0000000000000000       0.69999999999999996        0.0000000000000000        0.0000000000000000       0.10000000000000001        0.0000000000000000       0.10000000000000001        0.0000000000000000        0.0000000000000000        5.0000000000000003E-002   5.0000000000000003E-002   0.0000000000000000     
          93   2790.0000000000000        0.0000000000000000       0.69999999999999996        0.0000000000000000        0.0000000000000000       0.10000000000000001        0.0000000000000000       0.10000000000000001        0.0000000000000000        0.0000000000000000        5.0000000000000003E-002   5.0000000000000003E-002   0.0000000000000000     
          94   2820.0000000000000        0.0000000000000000       0.69999999999999996        0.0000000000000000        0.0000000000000000       0.10000000000000001        0.0000000000000000       0.10000000000000001        0.0000000000000000        0.0000000000000000        5.0000000000000003E-002   5.0000000000000003E-002   0.0000000000000000     
          95   2850.0000000000000        0.0000000000000000       0.69999999999999996        0.0000000000000000        0.0000000000000000       0.10000000000000001        0.0000000000000000       0.10000000000000001        0.0000000000000000        0.0000000000000000        5.0000000000000003E-002   5.0000000000000003E-002   0.0000000000000000     
